
 54

(((((((Molgula_te: 0.191114, Ciona_inte: 0.125380): 0.162701, ((((((Ornithorhy: 0.032579, (Mus_muscul: 0.017916, Homo_sapie: 0.012650): 0.021832): 0.017425, Gallus_gal: 0.024955): 0.027298, Xenopus_tr: 0.059553): 0.008528, Danio_reri: 0.061214): 0.011275, Leucoraja_: 0.080624): 0.033787, (Petromyzon: 0.065189, Eptatretus: 0.128278): 0.035514): 0.048133): 0.020803, Branchiost: 0.175161): 0.013021, ((Xenoturbel: 0.206443, Symsagitti: 0.757122): 0.052206, ((Patiria_pe: 0.115624, (Strongyloc: 0.139820, Holothuria: 0.133430): 0.019615): 0.058968, (Ptychodera: 0.065634, Saccogloss: 0.077455): 0.061680): 0.021786): 0.007316): 0.007244, ((((((((Daphnia_pu: 0.165890, (((Rhodnius_p: 0.197316, Tribolium_: 0.113380): 0.013720, Gryllus_bi: 0.108002): 0.063871, Onychiurus: 0.273264): 0.022070): 0.025002, Litopenaeu: 0.293724): 0.032201, Scutigera_: 0.097502): 0.001111, (Anoplodact: 0.161805, (Acanthoscu: 0.147118, Ixodes_sca: 0.191461): 0.049065): 0.009033): 0.027669, Euperipato: 0.141818): 0.014109, Caenorhabd: 0.606108): 0.007393, Priapulus_: 0.247966): 0.017841, ((Flaccisagi: 0.066871, Spadella_c: 0.087369): 0.193182, (((Euprymna_s: 0.202838, ((Mytilus_ga: 0.114627, Crassostre: 0.085837): 0.052358, (Aplysia_ca: 0.181539, Lottia_gig: 0.164498): 0.024510): 0.013609): 0.021598, (((Capitella_: 0.125453, Pomatocero: 0.115717): 0.021737, Alvinella_: 0.122625): 0.015983, (Helobdella: 0.161740, Tubifex_tu: 0.104967): 0.054892): 0.037655): 0.016857, (Brachionus: 0.255554, Philodina_: 0.341726): 0.137280): 0.015234): 0.002214): 0.018883): 0.029544, ((Acropora_m: 0.113062, (Anemonia_v: 0.088067, Nematostel: 0.089744): 0.029046): 0.061008, (Hydractini: 0.081970, Hydra_magn: 0.146016): 0.173084): 0.032337): 0.045226, Trichoplax: 0.291874, (Suberites_: 0.171248, Amphimedon: 0.196726): 0.110441);

  0.045226  0.029544  0.007244  0.013021  0.020803  0.162701  0.191114  0.125380  0.048133  0.033787  0.011275  0.008528  0.027298  0.017425  0.032579  0.021832  0.017916  0.012650  0.024955  0.059553  0.061214  0.080624  0.035514  0.065189  0.128278  0.175161  0.007316  0.052206  0.206443  0.757122  0.021786  0.058968  0.115624  0.019615  0.139820  0.133430  0.061680  0.065634  0.077455  0.018883  0.017841  0.007393  0.014109  0.027669  0.001111  0.032201  0.025002  0.165890  0.022070  0.063871  0.013720  0.197316  0.113380  0.108002  0.273264  0.293724  0.097502  0.009033  0.161805  0.049065  0.147118  0.191461  0.141818  0.606108  0.247966  0.002214  0.193182  0.066871  0.087369  0.015234  0.016857  0.021598  0.202838  0.013609  0.052358  0.114627  0.085837  0.024510  0.181539  0.164498  0.037655  0.015983  0.021737  0.125453  0.115717  0.122625  0.054892  0.161740  0.104967  0.137280  0.255554  0.341726  0.032337  0.061008  0.113062  0.029046  0.088067  0.089744  0.173084  0.081970  0.146016  0.291874  0.110441  0.171248  0.196726

  0.000000  0.000000  0.000000  0.000000  0.000000  0.000000  0.000000  0.000000  0.000000  0.000000  0.000000  0.000000  0.000000  0.000000  0.000000  0.000000  0.000000  0.000000  0.000000  0.000000  0.000000  0.000000  0.000000  0.000000  0.000000  0.000000  0.000000  0.000000  0.000000  0.000000  0.000000  0.000000  0.000000  0.000000  0.000000  0.000000  0.000000  0.000000  0.000000  0.000000  0.000000  0.000000  0.000000  0.000000 -0.016607  0.000000  0.000000  0.000000  0.000000  0.000000  0.000000  0.000000  0.000000  0.000000  0.000000  0.000000  0.000000  0.000000  0.000000  0.000000  0.000000  0.000000  0.000000  0.000000  0.000000  0.000000  0.000000  0.000000  0.000000  0.000000  0.000000  0.000000  0.000000  0.000000  0.000000  0.000000  0.000000  0.000000  0.000000  0.000000  0.000000  0.000000  0.000000  0.000000  0.000000  0.000000  0.000000  0.000000  0.000000  0.000000  0.000000  0.000000  0.000000  0.000000  0.000000  0.000000  0.000000  0.000000  0.000000  0.000000  0.000000  0.000000  0.000000  0.000000  0.000000


Hessian

 -1.674e+04      -2162      -1629     -100.1      461.8     -966.3      365.8     -324.5       -604       -224       1498       1317      722.4      938.8      479.8      660.1       1790       1517        478      800.5       1086      460.9      768.3       1284      163.3        468      608.8      224.8      32.45     -313.3     -913.1      133.8      296.3      541.1       23.9      279.8        569      384.9      750.1      118.4      -2185      -1562      -1346     -496.3      598.8      350.6     -355.1     -543.7     -991.8      54.34      242.9      127.9      43.48      406.2     -416.3      267.9      281.8      854.9        755        530     -28.17     -264.5      19.05     -124.5     0.9558     -908.5     -263.9     -156.4      -42.8      763.3      -31.2      -25.9        241     -146.2      202.8      71.29      293.2     -834.1     -120.9        193      427.5      172.8       1164        811      249.9      288.9      90.33      157.1      373.2     -299.6      23.86     -59.69     -519.1     -33.05     -613.4      23.24     -728.6        451     -211.4     -148.6      109.9      -1170      -1997     -453.7     -529.9
      -2162 -3.345e+04      -3471     -832.7      -2466     -707.7      103.5      222.1      -1577      78.47       2425       1377     -117.2       1049        364       1614     -410.6       2435      168.7        453        539       1003        960       1232     -65.86     -599.8      -2703     -366.7     -197.3      18.71      -1113     -313.2      52.94      -1033      207.3     -200.4      671.6      657.7      502.4      -1361     -437.8      -1946      -2722      -3748     -857.5      -1764      -2796     -361.8      -1232      200.3      265.3      633.3      77.01     -506.1      431.3     -12.98      235.1      278.8     -469.1      414.6      636.5      50.23     -442.7        182      177.5      -1461      324.1      131.1      330.5      -1524      -1871      -1822      519.4      -1007     -61.95       -363      750.4      273.9      355.1      375.7      -1792      155.8      576.9      79.26     -57.15      152.3     -32.84      223.8        389     -287.8     -497.3     -123.7      -6448      -2855      -1087     -844.4     -768.9     -115.5      286.6      137.5     -310.9     -280.6     -394.9      161.8      59.21
      -1629      -3471 -1.072e+05      -8464      -4588      -1648      550.2     -322.2      -1875      -1048       1572      524.6      -4957      895.3      610.6       -488      -2651      831.6     -208.2      456.4      991.1       2202      923.9      481.4      338.3     -167.2      -5841     -21.42      144.4      10.36      -6754      -1133      -1688      -2297      240.9      -1208      218.7     -625.4     -319.3 -1.079e+04      370.1      180.3     -537.7       -969      -1749      -2273      -1449     -716.1     -659.5     -944.4      721.7      630.9       1708      544.8      927.9      365.1      130.3       1889     -109.8      939.2       1421     -188.2      -1607     -150.7      288.7      -4948      385.3      390.1      251.6      -5439 -1.112e+04      -3058     -468.5      -1274        523      349.2      270.5      -2611       -655     -664.6      404.7      199.7      461.9      81.44      456.2      289.1     -249.8      284.8      -1014      360.3      716.7      461.3      -2587      -1014      -1025      -1991     -348.6      -2177      673.8     -149.7        736      -1402     -942.1     -564.7      -1084
     -100.1     -832.7      -8464 -7.025e+04      -8000     -284.8      257.5     -103.6      -4471      -1952      846.8       1280      646.5      -2018       1404     -138.1       1591       2794       2063      -56.7      860.9     -195.9      -6.55      457.7      707.3      -1504      -4606     -175.5     -199.6      337.8      -1491      17.35      -1026      -2087     -971.5     -489.1     -609.9     -375.1      214.1      -2567      -4390       -391      -1462      -1792     -888.4     -668.5       1271     -615.6      804.8      355.2      -3160     -463.5      245.5      44.71       1133     -102.8     -58.98      -1481     -661.9     -108.4      440.7      842.3      15.97      127.8     -91.81       1156      -1034     -99.78     -333.6      366.2     -948.2      -4569     -458.8     -212.5      535.3     -471.2      775.1       1001     -61.67     -163.7     -785.3       1301     -846.2      841.2     -185.7       1190     -419.4     -28.35     -735.6      230.2     -164.5      389.2      -1340      164.5     -890.1       1061      386.1      83.62     -638.2       -920      404.1      -1165      -1531        480      317.5
      461.8      -2466      -4588      -8000 -4.489e+04     -481.5     -297.5     -23.62      -7893      -1437      -1089      -2099      -1385     -968.4       2467     -593.2      -3564      766.3     -55.33       -193      -1109     -21.33     -22.83       1553      108.7      556.6      -3355      189.8        321     -83.55       -331      -1399     -404.2      -1849     -889.3      130.3      406.7     -776.7      109.6      -1958      -1223      534.7      476.5      -1654     -411.7       -161     -390.9      160.6      -2025      -1559       -125      716.6     -318.4      949.8      480.8     -213.9      147.4       -255      101.1      128.6      462.4      332.6      -1018      272.4      13.76       1424      197.3     -199.6      164.2      108.2      315.4      -1659      88.66       -402      -1961     -876.3      317.8     -121.7       76.1        -54     -528.7     -258.5      716.2      534.7      -1089      920.4      -1545       19.9       -201      232.4      404.8      228.3     -787.5      505.7      -1845      592.9      -1545      960.3     -320.9      329.6        356      219.2     -179.9      104.6      91.94
     -966.3     -707.7      -1648     -284.8     -481.5      -6520     -240.4     -857.4      5.787     -376.9     -970.7      141.3       -344     -84.04      425.4     -128.3       1171       1732     -62.52        292      612.1     -56.91     -50.12     -320.2      306.8     -163.5        738        266      196.8       28.7     -637.3      519.7      286.2     -204.2      -95.7      133.5      104.1     -51.55      31.52     -628.5      -1378      295.6      329.5      229.8     -133.7     -227.3     -482.8      111.8     -146.3      168.9     -277.2        289     -107.4      153.1      106.2      150.2      305.6       80.9     -15.71      -82.5      101.5      51.61      154.7      45.36     -243.3     -597.3      133.6      304.8      152.3     -595.5     -844.8     -654.9       -150     -713.8     -677.6     -364.5     -433.9     -459.2      -77.2     -459.5     -880.2     -95.19     -703.9     -226.4      271.4     -310.5      170.9      253.2       89.2      -93.6      82.69     -124.2     -509.9      10.47     -28.93      301.5     -364.6      214.2       -306     -182.1      -88.8     -27.11     -258.7      84.62     -44.19
      365.8      103.5      550.2      257.5     -297.5     -240.4      -5790     -686.6      25.25      98.18      -1105       -300      484.6     -221.7      983.4     -840.4       1451        963     -156.3      348.6     -261.8     -277.2      118.2     -582.5      52.49      236.7      894.3      40.38     -52.78     -12.72      640.2      104.8      36.25      254.1      166.6      267.1      642.3        634      516.1     -434.6      528.2      472.9     -371.1      167.9     -357.2     -332.7     -462.4      34.11      177.8      17.48      556.4      167.6      48.38      54.49     -32.18     -22.83       -223     -802.5     -149.6      102.4      6.062     -52.66     -74.95      68.38      146.9     -146.6     -92.95      191.7      35.37      915.2        118      373.3      312.2      312.2     -128.7       -197      360.4      555.6      37.39      383.3      234.1      120.3     -403.9     -220.7      244.3     -422.7     -479.5      309.8      59.23      -78.6     -126.5      231.3      750.3      584.5      470.1      520.3       34.5      726.2        147      240.9     -139.5      99.86      5.739      76.25     -28.63
     -324.5      222.1     -322.2     -103.6     -23.62     -857.4     -686.6      -8933      394.6     -270.1      551.3      -1492     -49.81     -341.3      373.7       -476      18.38      200.6        305     -242.6     -595.3     -552.5      652.4     -288.6        -62      120.6      329.1     -43.54     -51.99      32.93     -341.7     -19.12     -128.8     -436.1     -86.78     -5.344      20.26      307.2     -2.891     -305.2      869.5      838.3      869.6      965.4     -152.7     -108.1      104.8      146.9      260.1        555      19.69      131.6      173.1      136.6     -101.6      306.9      152.2     -391.2       13.9      148.6       -210      204.9      148.6      91.46     -79.14      407.5     -110.9      7.142       -285       1247       1417     -267.1       -165      323.9      343.8      3.405      3.743     -591.3     -675.7      281.2       -208     -207.4     -127.3      135.8      118.7     -279.3      10.52      164.7     -164.1     -250.4     -17.19      201.8     -237.2     -457.6      343.3       -385     -170.4      60.51     -80.24       90.7     -120.9     -107.3      77.21        -87     -65.33
       -604      -1577      -1875      -4471      -7893      5.787      25.25      394.6 -2.463e+04      -1681      -1431      -1574      -1711      -2907      525.2      -1821     -324.3      203.8      -1175     -184.6     -243.6     -121.5     -739.5     -139.8     -387.7      204.7      -2265     -376.2     -130.5      158.3      -1365     -78.23     -241.1      577.5      514.1     -743.4     -966.5      140.4     -164.1      -99.3      380.7       1109       1011      -1307      460.6        396      -1574     -398.2     -875.1     -178.9     -320.7        455     -255.8      261.2        139      411.6      56.86        732      331.4      383.1      345.8      598.5      114.8      159.4      94.17      684.8      3.743     -21.84     -81.47     -696.3     -817.4      868.7     -171.4     -311.3      405.6      78.99       1288     -113.6     -616.8      147.1     -825.4     -622.1       1216      279.4     -27.47      285.6     -317.3     -7.554      -1038     -316.3      136.6     -124.7     -713.2      -1056      -1886     -349.6     -576.5      -3.45      98.35      403.6        297      174.6     -248.6     -60.05     -346.7
       -224      78.47      -1048      -1952      -1437     -376.9      98.18     -270.1      -1681  -3.77e+04      -9247      -2839     -128.2      -3201     -844.9      -1612     -700.8      -4441      -1391     -844.1      -2242     -316.7      -2796      -1904     -397.4     -217.9       1467     -71.07      130.1     -76.53      117.2     -401.3     -211.8      431.1      470.8     -104.3     -535.3      -1326     -423.9      -1095     -145.2     -928.5     -668.7       1268      704.6      563.5       1412     -90.68       1575       1484     -247.9     -87.73     -647.2     -243.9     -237.2       -252      127.5     -709.3      175.1      683.7     -246.1      830.9     -523.7      388.1     -190.4      -1888     -16.24      319.3      200.3       1880     -629.4      -1696     -46.75     -729.3     -403.1      398.8       1074       1066      72.55     -309.5      -1198     -937.8       1490        658      597.6     -130.4       42.3     -40.92      116.5     -289.8     -38.28      92.35      121.6      -1225     -817.5     -637.3       1524      32.44     -116.1      707.4      421.7      348.7      232.1     -102.2      562.2
       1498       2425       1572      846.8      -1089     -970.7      -1105      551.3      -1431      -9247 -9.166e+04      -6214      -6050 -1.144e+04      -1097      -3445      -3540 -1.168e+04      -8260      -2563      -3001      -3606      -1241      -3490     -959.8      -1116       1018        752        536        296      216.7       1080       1157      844.2     -432.1      -1407      526.1      -74.3     -315.1      -8441      -2591      -2326       -608      375.9     -471.5     -458.1     -917.2     -766.3       1836      585.2     -743.6     -486.7      882.4      -1348      218.8     -428.8     -504.3     -749.3     -511.4      106.5      621.1        249     -445.9      260.2      175.1      -6071       -569     -390.6     -198.1      834.4      -1741       1890     -595.5      717.4      -2612      -2474     -238.5       1303     -851.4      313.7      -2739      -2015     -133.3      -1314      308.5       -747      689.2      842.6     -629.6     -140.1     -815.8      178.1       2283      798.7       1025      765.4     -523.2      -2540       1389        166      -1559     -274.8       1208      977.6       1643
       1317       1377      524.6       1280      -2099      141.3       -300      -1492      -1574      -2839      -6214 -1.218e+05      -5656      -4675      -2554      -1941      -6590      -2416      -3907      -6041      -7646      -3737      -4021      -5249      -2213     -424.1       3271      354.5      223.8      389.6       2992     -64.61      -1042      284.4      270.5       -712       1416      -2212      -1115      -1996      -2541     -357.6      260.1      642.1      -6493      -4870      36.04     -420.8      794.8      186.4       1067      817.3      140.2      64.13      756.8     -56.81     -379.9      -6129       1066     -411.7     -545.7     -626.3     -653.9     -225.8      123.4       1497        363     -232.7      399.1      -1338       1006      531.8      221.3     -290.5     -592.3      -1567      301.9      -3106       -200     -365.5      -1974       1175        844     -408.2      248.1      -1453      295.4     -134.2      -1695      228.2     -64.53     -200.5      704.8     -672.1     -585.6      -2106      880.8     -960.5      712.3      538.6      678.2      203.2       1404     -40.01      524.4
      722.4     -117.2      -4957      646.5      -1385       -344      484.6     -49.81      -1711     -128.2      -6050      -5656 -5.376e+04      -3484      -3618      -3237      -3376      -6412      -6268      -2654      -2770      -1450      -1604      -1816      -2019     -613.9      -3728      619.2      166.9      225.9     -788.4     -519.4        -53      359.5     -436.3     -757.2      957.8       -689     -926.7      377.9      -1454      857.6       1536        163     -76.77     -655.1     -79.69     -481.8      -1130     -381.6      469.2      48.88      482.4     -653.9      93.31     -496.4     -356.6      683.2     -235.3     -338.9     -76.46      404.3      -1321     -38.72     -628.3      -4549     -7.291     -527.9     -581.6     -472.1        476     -558.4      387.7       1031      -2739     -891.6     -883.4      467.6      219.4     -69.99      -2280      -2649      -1433     -820.9     -747.5     -138.7       -261      596.9      -1621      471.5     -188.7     -138.4      653.9       -262       1157     -172.7      -2619       91.2     -533.8     -162.2      -1430      18.54     -55.38       -311     -396.2
      938.8       1049      895.3      -2018     -968.4     -84.04     -221.7     -341.3      -2907      -3201 -1.144e+04      -4675      -3484 -6.995e+04      -4011 -1.642e+04      -2087      -3508      -9479      -3491      -1471      -3894      -1941      -2717      -1537     -863.9      359.7      220.1     -505.4      452.8       1540      735.4      -1651      871.1      544.2     -230.4      641.8      -3227      -2871      -4836      -1033       1632       1712      328.7      148.6      -1196       1629      453.7      722.4       1242      -1317     -604.2       1191      481.4     -124.1      712.3      98.46       1718      427.5       1411      552.5      -20.5      325.8     -60.37      12.59      -3466      174.2        509      265.1     -357.1      451.4        351     -796.1      -39.2      -1008      -1824     -551.8       1000      4.525      170.9       1197       1283      528.1      577.5      148.3     -170.6      -2458     -116.3     -348.7     -320.7      65.46       21.7      238.3        372      470.7        214      -1030      984.2      592.9     -47.51     -305.5      402.7      219.8       64.1      159.6
      479.8        364      610.6       1404       2467      425.4      983.4      373.7      525.2     -844.9      -1097      -2554      -3618      -4011 -4.013e+04      -5772      -3561      -8279      -6565      -1507     -395.6      -1398      -1587     -847.1      -1128     -150.3     -985.8      178.6       -164      84.87     -979.9     -375.4     -230.4     -218.5       -638     -59.92     -892.1     -260.5     -381.7     -385.5      299.3       1208      855.5       1792     -244.6        169       1424     -628.5        613        357      -1139      151.9      -1077     -802.1      362.4      149.2       -812      205.4     -303.2      246.3      22.59       -322     -608.6     -61.39     -13.21      -2049     -326.9      302.9       10.6     -687.9     -757.3      79.21      195.7      473.4      656.4      -1023      745.8      -2042      -1007     -149.1       1036      -1893     -605.4     -777.8     -25.63     -375.1       -671     -997.9     -151.6     -459.1     -215.7     -487.7       1164     -427.1     -276.2      -2850      -1320     -924.2      579.4      115.1     -232.4      329.5      417.4     -967.2      469.9
      660.1       1614       -488     -138.1     -593.2     -128.3     -840.4       -476      -1821      -1612      -3445      -1941      -3237 -1.642e+04      -5772 -5.977e+04      -8328      -8858      -8084      -8050      -1203      -3584      -1766      -2576       -762      -1442       2252     -141.3        100     -93.79       1889       1475        179      511.6      162.3      33.88     -354.9     -390.3     -398.6     -346.5     -188.3       2098       2096      512.9      370.3      738.1     -986.2       -254      -1397     -226.2      -1782     -492.6     -599.9      -1176     -58.48      280.7      -58.4      88.85     -351.6      284.1      456.3     -725.3     -182.5      236.3     -62.48      -5271      87.51     -14.12      301.2     -578.2      485.6       1458     -397.6      792.4      -1131     -782.6     -867.4      -1250       -821      563.6     -90.91      -1493        369        587     -330.2     -641.6      -1822      -1616     -55.41     -349.4     -750.9     -339.9       1264      78.63       1328       1866      450.7       1305      408.5      146.5     -565.5      987.6      552.3      605.5        475
       1790     -410.6      -2651       1591      -3564       1171       1451      18.38     -324.3     -700.8      -3540      -6590      -3376      -2087      -3561      -8328 -9.557e+04 -1.851e+04      -9676      -3983      -3195      -3023      -1828     -618.1      -2774    -0.5309      936.4        389      135.1      281.8       1331      -1417     -172.3       1016       -367      536.7      594.4      -3057      13.14      -5190       -292      184.3      750.9      -1134      343.2      966.1      563.3      611.5       1237     -745.3     -141.5       -768     -272.7      10.48      259.1      120.1      -1216      -1164     -364.1      -1272      -1080      140.2     -795.8      158.8     -458.7       3268     -260.3      105.9      99.67      -3094       1118      368.9     -372.8      -2175      -2256     -234.1      -3327        253      516.1     -1.635      -2245      -3383      -1377      -1075     -100.8      787.4     -45.08      204.1      305.9        662       1380     -402.2      -1415      191.7       -591       1735      149.5     -835.3      839.7      361.6      550.7      160.1      512.1      108.9      671.4
       1517       2435      831.6       2794      766.3       1732        963      200.6      203.8      -4441 -1.168e+04      -2416      -6412      -3508      -8279      -8858 -1.851e+04 -1.245e+05 -1.323e+04      -6777      -1734      -9379      -2386      -2503      -2936      705.8      824.1     -486.5       -771      526.5       2440      -1263      -1923      -2645      -1126     -598.1     -870.2      -1603      62.78     -489.6      -1892      -7702      -2213      -1142      448.7      -1934      -4219       1460     -598.7       1673     -734.9        365        867     -5.993      354.6      314.8      510.8       2324      54.91       1853     -933.7        917      607.1      412.6      497.3       4383     -406.7     -542.8     -427.2       1510       2938       1467      525.8       1752      -2278       1213     -975.3       2554      210.3      536.4      -1260      -4043     -599.9     -639.6     -442.6      -1066      186.2      805.8      205.9     -417.3      40.95     -880.8       1886      64.19      -1335      163.9      -1576      -1097      302.1     -331.6     -675.7     -92.14      648.6     -16.06      349.2
        478      168.7     -208.2       2063     -55.33     -62.52     -156.3        305      -1175      -1391      -8260      -3907      -6268      -9479      -6565      -8084      -9676 -1.323e+04 -5.952e+04      -2665      -2841      -3146      1.122      -1874      -1401      -1869        926      73.97      -74.4      180.9       1161     -704.5     -753.6      444.2        248     -939.9      -1398     -940.1     -900.3      -2647      -1619      -1863      851.4      504.2     -212.5     -440.5      -1482     -117.9      303.7       -205      985.3     -698.7      527.9      -1384      696.4      189.2      543.2       1775     -606.8      708.5     -210.6      99.26      -1115      231.9     -30.97      -7805      176.5     -810.9     -48.68     -730.2      834.8     -567.9     -875.5      423.8      -1398      -1634      -1076      -1014      370.4      69.09     -184.8      -1206     -749.5      459.3      19.46      -1574      9.498      181.5      20.64     -608.4     -455.1        564     -392.7      -1349     -402.5        960     -927.5     -94.38      181.7      193.6      41.04     -237.6        818     -580.7      385.4
      800.5        453      456.4      -56.7       -193        292      348.6     -242.6     -184.6     -844.1      -2563      -6041      -2654      -3491      -1507      -8050      -3983      -6777      -2665 -2.857e+04      -3976      -2355      -1963      -2856      -1768      -1043       1595      18.79     -131.3      232.2      989.4     -54.94     -749.6    -0.8862      138.8        194      138.2       -354      -1426     -804.9      280.9      712.5      219.1      708.9      477.5      153.9      -1451     -374.5      364.9      490.2      165.6     -154.3     -279.4       -765      737.1      302.4     -105.8       -248     -329.1      316.8     -70.92     -290.8     -269.5      298.7      224.7     -589.1      527.5      25.52      519.4      -2545        613      156.9     -787.2     -535.7     -71.23      113.5      -1742      611.6     -186.2     -261.7     -850.9     -960.8     -195.6     -99.72     -434.7     -237.3     -218.8     -112.8     -158.5      333.9     -111.2      -83.5       -383      -1319     -907.1     -867.1     -421.9        209      414.1      230.8      134.4      297.2      890.2      403.5      424.1
       1086        539      991.1      860.9      -1109      612.1     -261.8     -595.3     -243.6      -2242      -3001      -7646      -2770      -1471     -395.6      -1203      -3195      -1734      -2841      -3976 -2.724e+04      -1010      -2062      -1420      -1694       -248       1744     -203.6     -91.36      128.4      599.6      184.7     -590.7     -520.1       -170      16.16     -797.7     -576.8      -1219     -798.7      566.5      828.1      875.5      895.2       1021       1080     -846.2      -1012     -565.9      214.3       1151      117.4     -390.2     -672.6        135     -104.9     -573.9      374.1     -15.21     -437.5       -244     -840.4     -24.53      183.8      54.59      -1324     -170.5      221.1     -271.4       1056       1046      292.3     -206.1     -187.9      -79.1       -797     -304.2      73.83     -397.6     -258.4     -652.5      -1283      141.6     -367.7        232      -1094       -108      166.7       -510      212.2      316.5      201.8      822.1     -309.3     -496.1      237.1     -554.9     -607.5      36.41      255.1     -370.8      452.6       1197      313.6      910.1
      460.9       1003       2202     -195.9     -21.33     -56.91     -277.2     -552.5     -121.5     -316.7      -3606      -3737      -1450      -3894      -1398      -3584      -3023      -9379      -3146      -2355      -1010 -1.677e+04     -260.1     -759.7     -695.9      504.7       1708      262.4      13.66      51.52       1687     -166.4     -956.9        134      99.79     -146.3      152.1       -113      63.79      426.5      -1335      271.2      983.5      413.2      61.58     -227.6      221.5      444.3     -565.8      26.41      517.6     -140.7      68.48     -192.5      299.4      471.7     -4.872      903.7     -8.966        809     -384.5     -156.9     -479.2        154      141.3      651.6      80.03      43.46      110.8       1090       1432       1625     -32.26      -1983     -803.4       -310     -534.1       -1.8       -157      539.5       1265      882.4      737.3      240.8     -112.3      250.6     -84.87      459.1     -522.3      408.7      185.3        118      857.8      313.3      110.9      419.5     -471.8      762.8      137.3      781.5      618.1      220.4      293.4      107.7      397.6
      768.3        960      923.9      -6.55     -22.83     -50.12      118.2      652.4     -739.5      -2796      -1241      -4021      -1604      -1941      -1587      -1766      -1828      -2386      1.122      -1963      -2062     -260.1 -2.704e+04      -5663      -2060      639.9       1827     -147.7      41.83        197      764.3     -566.3     -824.9      211.9     -293.6      379.7     -541.9      -1461     -453.2      578.2       1648      349.8      919.2      311.5      346.9       -593      363.8     -742.6       -658      297.2     -501.8     -99.75     -625.7      -1389     -45.62     -47.77     -508.6     -173.3      190.5      156.8      15.92     -576.5      64.56      363.8     -73.36       1297      251.6     -168.8     -55.28       1064      546.5      372.1     -286.4      -1389     -73.03     -70.68     -751.7        343      99.77      374.3     -515.9      -2451        137     -281.5      24.28     -5.439      513.3      187.2     -603.8      654.4      340.3       35.3      487.3      -1408       -243     -422.9     -454.5     -976.5        483      -2.09      308.2      626.7      426.6     -158.1     -72.44
       1284       1232      481.4      457.7       1553     -320.2     -582.5     -288.6     -139.8      -1904      -3490      -5249      -1816      -2717     -847.1      -2576     -618.1      -2503      -1874      -2856      -1420     -759.7      -5663 -1.858e+04     -570.6     -129.4       1371      444.4      147.3        202      229.6     -175.5     -565.5      317.2      94.43      172.3      79.14     -932.1     -579.2      654.8       1236      219.3      807.2       1130      386.7      369.6     -37.17     -184.5     -141.4      435.4      305.6      114.3      165.4     -721.6      182.9      156.4     -244.6     -438.8     -558.1      429.6      262.8     -2.376     -284.2      90.68     -60.48      -1140     -286.3     -44.45     -191.7       1004      409.9       1089      259.5     -335.9      793.4      162.8     -325.1        658        505     0.3701       -228      -1187       -111     -449.5      322.6     -417.1     -701.2      218.6     -263.1      133.6      54.79      -18.3      396.5       -1.5      62.45      115.7       1026     -300.7       99.3     -477.3     -307.1      381.7        514      85.78       -185
      163.3     -65.86      338.3      707.3      108.7      306.8      52.49        -62     -387.7     -397.4     -959.8      -2213      -2019      -1537      -1128       -762      -2774      -2936      -1401      -1768      -1694     -695.9      -2060     -570.6      -9077     -245.8     -171.3     -158.5     -112.5      54.88      -1105      198.3      267.7      590.5      176.7     -193.5       -154     -174.8     -238.2      774.9     -169.8      233.9     -372.3     -796.5      576.7      432.7      479.4     -421.5     -71.65        222      146.1     -65.54      -26.9     -547.1      108.1      234.9     -374.1      302.6      100.3     -147.2     -89.83     -95.67     -346.2      206.2     -43.13        966      79.07     -154.2      91.29      257.1      608.5      174.7     -335.4     -565.7     -712.3       -857     -957.1      371.9      100.4     -271.1     -157.6     -663.2      212.2     -190.7     -182.3      29.65      388.5      315.3       43.3      59.36      37.97     -44.13       1173      322.1     -123.3     -867.4     -354.2     -290.8      247.2      260.1     -157.3      95.15      354.1      -79.9     -28.44
        468     -599.8     -167.2      -1504      556.6     -163.5      236.7      120.6      204.7     -217.9      -1116     -424.1     -613.9     -863.9     -150.3      -1442    -0.5309      705.8      -1869      -1043       -248      504.7      639.9     -129.4     -245.8      -7821     -949.1      78.02      171.2      107.6     -629.6     -440.5     -472.7      438.4      -84.7     -285.7     -691.1       -959     -928.8     -492.1     -292.6      36.98       -607     -584.3      507.2      41.46      933.2     -93.81      686.2      555.3     -361.3      146.1     -22.82      7.017        291     -125.5     -126.2      77.28     -534.1      325.7        214      301.5       -195      75.15     -325.3      -2001     -123.3     -248.4      206.1      -1247      -1211     -790.7     -100.6     -633.4     -722.6     -60.65     -445.8     -576.1      93.31     -256.5     -308.4      -1008     -20.59     -510.5      54.13     -239.2      355.9      96.47     -66.28     -46.83     -195.8       92.2      -1280     -395.5     -629.3     -246.1    -0.4837     -663.1     -129.4       -285     -119.3      232.5      632.9      176.4      253.9
      608.8      -2703      -5841      -4606      -3355        738      894.3      329.1      -2265       1467       1018       3271      -3728      359.7     -985.8       2252      936.4      824.1        926       1595       1744       1708       1827       1371     -171.3     -949.1 -6.885e+04      551.5     -77.57      234.6 -2.513e+04      -1882      -30.6      13.62      764.7      -1075      -2226       1126      -1762      -3903      -3203     -112.6     -213.5      677.5      743.5     -199.5       2016     -208.4       2307       2404     -718.5       1058      957.2       1007      66.77      505.1      669.4      697.9        499      -2978       1261     -274.2      -2046      369.4     -802.2       1975      610.9       -668     -96.72     -145.3      -2168      -3959     -70.35      -1287     -762.6     -477.4     -48.38      -2955     -640.4      -2345      -2271       1536      230.3     -132.1      -1087     -475.2      28.61     -255.7      -1930        431        188      217.3      -1766     -624.6      160.9      698.4        725       2086     -288.8        628      776.3     -829.5     -62.76     -81.59      199.6
      224.8     -366.7     -21.42     -175.5      189.8        266      40.38     -43.54     -376.2     -71.07        752      354.5      619.2      220.1      178.6     -141.3        389     -486.5      73.97      18.79     -203.6      262.4     -147.7      444.4     -158.5      78.02      551.5      -5199      -1746     -249.4      483.9      574.2     -143.5      245.6      371.1      89.71     -103.2      177.8     -137.2     -521.6      723.8      517.3      257.2      64.63     -532.6      -1003      228.1     -331.6     -577.5     -21.09      337.9      80.76     -332.1     -477.2      26.84     -28.03     -20.07      24.18      -54.3     -102.6      161.6     -64.69     -14.03     -32.24      -3.25     -427.6     -45.35      124.1      1.641        209      653.5      260.3     -4.425      558.2      195.8        228      3.492      462.8      211.2     -168.3        437      634.8     -88.27     -47.01      45.51      127.5     -73.07      256.7     -93.31     -87.48       43.5      90.77      43.24       95.8      211.9      262.8     -521.4      1.344     -18.95      68.75      184.2        108      325.1      77.97     -91.68
      32.45     -197.3      144.4     -199.6        321      196.8     -52.78     -51.99     -130.5      130.1        536      223.8      166.9     -505.4       -164        100      135.1       -771      -74.4     -131.3     -91.36      13.66      41.83      147.3     -112.5      171.2     -77.57      -1746      -2505      78.61      335.5      475.5     -71.23      38.14      101.8      5.168      18.48        145     -88.41      -93.6        416      111.6     -505.4      198.1        181     -26.69      162.5     -89.43       -443      111.8      192.2      23.67      -60.5     -36.61      -25.3     -102.5      1.277      248.7     -62.99     -100.1      191.6     -100.8     -17.25        1.9     -59.49     -268.9     -11.29     -36.52       54.7     -209.9      57.33      -52.5       81.7       73.9     -80.71     -61.07     -146.9     -67.86      221.7     -123.3      140.6      487.4     -257.3     -11.03     -44.93     -101.2      38.67      44.98      263.7     -72.28      58.48      47.91      49.89     -72.07      159.3      238.7     -99.87     -91.16     -152.6     -29.81      159.1      55.83      278.8     -28.45      22.92
     -313.3      18.71      10.36      337.8     -83.55       28.7     -12.72      32.93      158.3     -76.53        296      389.6      225.9      452.8      84.87     -93.79      281.8      526.5      180.9      232.2      128.4      51.52        197        202      54.88      107.6      234.6     -249.4      78.61     -627.1      127.7      18.94     -45.32      55.97     -1.223      23.26      148.1      136.6      223.1      271.9      130.5      99.91      70.05      72.07     -257.7      26.63    -0.2243      32.89     -12.47     -96.92      73.98     -17.12     -104.1     -37.06      39.45      32.62      43.94     -102.1     -30.38      84.72     0.9662      16.38      50.85     -9.949      15.97     -375.9      68.22      102.3        149      58.35      126.3      28.08      117.6      295.3      138.5      194.3      59.27      112.3     -11.33      44.86      201.3     -97.55      250.7      75.65      95.49      34.93      121.3      108.9      92.92      23.74     -2.117     -65.31      129.6     -94.73      61.58     -138.9      -50.6      -23.7     -7.454      32.89     -67.04      13.77      -39.9      7.551     -50.62
     -913.1      -1113      -6754      -1491       -331     -637.3      640.2     -341.7      -1365      117.2      216.7       2992     -788.4       1540     -979.9       1889       1331       2440       1161      989.4      599.6       1687      764.3      229.6      -1105     -629.6 -2.513e+04      483.9      335.5      127.7     -4e+04      -2322     -542.4     -204.7     -219.9      -1747      -2688     -209.7      -1346      -2679      -1304     -460.4     -756.3      -1264      331.6      132.3       1159      -1184       1527       1340      397.6      303.8      522.2      688.4       -103        511      502.4       1101      368.3      -1388      753.8      116.7     -628.2      11.46     -661.2       1227      306.1      107.1     -169.7     -446.8      -3983      -3618      265.2      -3865       95.2      -1349      -1032      -1483     -280.7      -1192      -2583      665.6      972.8      544.7       -193      78.08      588.3      492.3     -692.7     -863.5        210        181     -774.6     -731.8      -1467       -823     -216.3      822.1      665.5     -162.6      23.36      239.7     -196.2     -230.6      -50.6
