
54

(((((((Molgula_te:0.1910962232,Ciona_inte:0.1253703443):0.1626866804,((((((Ornithorhy:0.0325771797,(Mus_muscul:0.0179150454,Homo_sapie:0.0126493923)'B(0.616,1.646,0.001,0.025)':0.02183081348)'B(1.649,2.015,0.001,0.025)':0.01742473695,Gallus_gal:0.0249538307)'B(3.18,3.329,0.001,0.025)':0.02729707507,Xenopus_tr:0.0595494574)'B(3.37,3.51,0.001,0.025)':0.008528006875,Danio_reri:0.0612103828)'B(4.207,4.537,0.001,0.025)':0.01127473129,Leucoraja_:0.0806189264)'B(4.207,4.684,0.001,0.025)':0.03378518275,(Petromyzon:0.0651838393,Eptatretus:0.1282675405)'B(3.585,6.361,0.001,0.025)':0.03551437298)'B(4.575,6.361,0.001,0.025)':0.04812967848)'B(5.14,6.361,0.001,0.025)':0.02080209321,Branchiost:0.1751457791)'B(5.14,6.361,0.001,0.025)':0.01302077287,((Xenoturbel:0.2063805966,Symsagitti:0.7569624229):0.05223720426,((Patiria_pe:0.1156132810,(Strongyloc:0.1398035756,Holothuria:0.1334201321):0.01961936687):0.05896401668,(Ptychodera:0.0656295457,Saccogloss:0.0774480185)'B(5.045,6.361,0.001,0.025)':0.06167715156)'B(5.155,6.361,0.001,0.025)':0.02178411992)'B(5.155,6.361,0.001,0.025)':0.007318880697)'B(5.155,6.361,0.001,0.025)':0.00724274564,((((((((Daphnia_pu:0.1658654372,(((Rhodnius_p:0.1972855735,Tribolium_:0.1133614283)'B(3.055,4.136,0.001,0.025)':0.01371909537,Gryllus_bi:0.1079874357):0.06386270038,Onychiurus:0.2732155321):0.02206834778)'B(4.99,5.3122,0.001,0.025)':0.02499896228,Litopenaeu:0.2936772467)'B(5.14,5.3122,0.001,0.025)':0.03219791769,Scutigera_:0.0974871166)'B(5.14,5.3122,0.001,0.025)':0.001110353059,(Anoplodact:0.1617817288,(Acanthoscu:0.1470954160,Ixodes_sca:0.1914312768)'B(4.16,5.3122,0.001,0.025)':0.04906328462)'B(4.975,5.3122,0.001,0.025)':0.0090350589)'B(5.14,6.361,0.001,0.025)':0.02766591677,Euperipato:0.1417952772)'B(5.2882,6.361,0.001,0.025)':0.01410763534,Caenorhabd:0.6059856621)'B(5.2882,6.361,0.001,0.025)':0.007392976037,Priapulus_:0.2479311312)'B(5.2882,6.361,0.001,0.025)':0.01783947154,((Flaccisagi:0.0668666838,Spadella_c:0.0873521106):0.1931653052,(((Euprymna_s:0.2028142865,((Mytilus_ga:0.1146156889,Crassostre:0.0858266789):0.05235359773,(Aplysia_ca:0.1815156272,Lottia_gig:0.1644780991)'B(4.702,5.49,0.001,0.025)':0.02450927901)'B(5.30,5.49,0.001,0.025)':0.01360745982)'B(5.34,5.49,0.001,0.025)':0.02159788634,(((Capitella_:0.1254329832,Pomatocero:0.1156995664):0.02174348386,Alvinella_:0.1226116917):0.01598241886,(Helobdella:0.1617197710,Tubifex_tu:0.1049550705):0.05489103885)'B(4.765,6.361,0.001,0.025)':0.03765137596)'B(5.34,6.361,0.001,0.025)':0.01685399158,(Brachionus:0.2555100572,Philodina_:0.3416637909):0.1372767685):0.01523616029):0.002213107745)'B(5.5285,6.361,0.001,0.025)':0.01888129468)'B(5.5285,6.361,0.001,0.025)':0.02954235051,((Acropora_m:0.1130518089,(Anemonia_v:0.0880629368,Nematostel:0.0897348400):0.02904556911):0.0610013405,(Hydractini:0.0819663612,Hydra_magn:0.1459999104):0.1730669707)'B(5.29,6.361,0.001,0.025)':0.03233541346)'B(5.5285,6.361,0.001,0.025)':0.04522626594,(Suberites_:0.1712338773,Amphimedon:0.1967001613):0.1104338519,Trichoplax:0.2918373171);

 0.0452263  0.0295424 0.00724275  0.0130208  0.0208021   0.162687   0.191096    0.12537  0.0481297  0.0337852  0.0112747 0.00852801  0.0272971  0.0174247  0.0325772  0.0218308   0.017915  0.0126494  0.0249538  0.0595495  0.0612104  0.0806189  0.0355144  0.0651838   0.128268   0.175146 0.00731888  0.0522372   0.206381   0.756962  0.0217841   0.058964   0.115613  0.0196194   0.139804    0.13342  0.0616772  0.0656295   0.077448  0.0188813  0.0178395 0.00739298  0.0141076  0.0276659 0.00111035  0.0321979   0.024999   0.165865  0.0220683  0.0638627  0.0137191   0.197286   0.113361   0.107987   0.273216   0.293677  0.0974871 0.00903506   0.161782  0.0490633   0.147095   0.191431   0.141795   0.605986   0.247931 0.00221311   0.193165  0.0668667  0.0873521  0.0152362   0.016854  0.0215979   0.202814  0.0136075  0.0523536   0.114616  0.0858267  0.0245093   0.181516   0.164478  0.0376514  0.0159824  0.0217435   0.125433     0.1157   0.122612   0.054891    0.16172   0.104955   0.137277    0.25551   0.341664  0.0323354  0.0610013   0.113052  0.0290456  0.0880629  0.0897348   0.173067  0.0819664      0.146   0.291837   0.110434   0.171234     0.1967

 -0.0229566 -0.00575191    0.083164  -0.0453084   -0.023804 -0.00995358  0.00709135  -0.0042737 -0.00575734 -0.00356178    0.038322   -0.034796 -0.00755151  -0.0342266 -0.00595233 -0.00663468  -0.0119485 8.77169e-06   -0.014284 -0.00292592 -0.00883899 4.96471e-05  -0.0598832 -0.00452167  0.00322905   0.0129642   -0.148893   -0.100026   0.0157226  0.00772474  -0.0279766  -0.0132477   0.0141082  -0.0856984   0.0117292  0.00692676  -0.0223162  0.00325972   0.0196638   0.0417416   0.0815785   0.0589667   0.0651623   0.0759593    0.145066   0.0968573    0.100779    0.102442   0.0742385   0.0877486   0.0983588   0.0853803   0.0947652   0.0983487   0.0836274   0.0876181   0.0240974  -0.0430471   0.0595455  0.00919866   0.0744322   0.0825543   0.0493341   0.0466766   0.0394317   0.0917202   0.0129243  0.00638416   0.0426625  -0.0569899   0.0623069   0.0021174   0.0457558   0.0279693   0.0298392   0.0557463   0.0734902  0.00155926   0.0588789   0.0592926   0.0415542     0.01551  -0.0920458   0.0520878   0.0201537   0.0511558  -0.0154127   0.0462524   0.0390775  -0.0099157   0.0515127   0.0470674 -0.00945526    0.017635   0.0267508  -0.0155273  0.00817014   0.0328412  0.00921566   0.0016003   0.0315541   0.0388562 -0.00982703   0.0123405   0.0344166


Hessian 

 -16940.1  -2162.69  -1629.15  -100.095   461.816  -966.517   365.887  -324.553   -604.01  -224.055   1498.06   1317.56    722.39   938.978   479.907    660.04   1790.39   1517.42   478.089   800.435    1086.4   461.014   768.329   1284.52   163.249    468.01   608.607   224.762   32.4226   -313.39  -913.324   133.727   296.367   541.139    23.829   279.788   569.061   384.889   750.121   118.219  -2185.01  -1562.05  -1346.17  -496.625   598.955   350.859  -355.195  -543.816  -991.893   54.4101   242.961   127.963   43.5181   406.213  -416.466   268.013   281.852   854.943   755.092   530.026  -28.2033  -264.554   19.0258  -124.518  0.951953   -909.06  -263.894  -156.411  -42.7986   763.424  -31.4318  -26.1765   241.092  -146.066    202.78   71.1604   293.121  -834.154  -120.868   193.097    427.41   172.843   1164.59   811.111   249.973   288.891   90.2846   157.083   373.098  -299.601    23.897  -59.6549  -519.013  -33.1172  -613.434   23.1774  -728.695   451.005  -211.426  -148.637   109.907  -1169.83  -1997.46  -453.692  -529.942
 -2162.69  -33907.6  -3471.67  -832.563  -2467.02  -707.884   103.592    222.21  -1577.55   78.2945   2425.63   1376.76  -117.373   1048.69   364.063   1614.26  -410.613   2434.92   168.903   452.956   538.953   1003.03   959.979   1232.17  -65.9104  -599.825  -2702.73  -366.667  -197.283   18.7549  -1112.82  -313.228   53.0017  -1032.92     207.3  -200.424   671.765   657.828   502.316  -1360.94  -437.874  -1946.88  -2722.33  -3749.56  -857.638  -1764.16  -2796.57   -361.88  -1232.09   200.391   265.332   633.505   77.1219   -506.26   431.321  -12.9424   235.116   278.827  -469.272   414.694   636.594   50.2493  -442.779   182.121   177.523  -1462.36   324.172   130.987   330.461  -1524.01  -1871.58  -1822.52   519.555  -1007.04  -61.9143  -363.206   750.533   274.103   355.201   375.816  -1792.01   155.418   576.848     79.33  -57.2254   152.289  -32.8468   223.835   388.948  -287.773  -497.404  -123.696   -6448.4  -2855.84  -1086.77  -844.574  -769.008  -115.416   286.614   137.484  -310.976  -280.594  -394.847    161.81   59.2829
 -1629.15  -3471.67   -107834  -8465.04  -4588.87  -1648.25   550.265   -322.27  -1875.08  -1048.34   1571.94   524.453  -4958.44   895.428   610.847  -488.756  -2652.01   831.625   -208.57   456.498   991.025   2202.56   923.707    481.29   338.318  -167.268  -5841.15  -21.2881   144.383   10.3544  -6754.83  -1133.52  -1688.36  -2297.54   240.884  -1208.14   218.781  -625.608  -319.514    -10793   370.121   180.456  -537.714  -969.415  -1749.42  -2273.99  -1449.69  -716.428  -659.755  -944.828   721.758   631.017   1707.84   544.757   928.168   365.222   130.133   1889.55  -109.894   939.426   1420.95  -188.434  -1607.39  -150.681   288.636  -4950.38   385.237   390.079   251.517   -5439.6  -11126.8  -3058.75  -468.695  -1274.63    522.91   349.018   270.447  -2611.08  -655.231  -664.583   404.658   199.598   461.738     81.28   456.066   288.916  -249.928   284.862   -1014.5   360.195   716.778   461.354  -2587.39  -1014.38   -1025.5  -1991.72  -348.751   -2177.5   673.914  -149.725   736.248  -1402.48  -942.381   -564.84  -1084.86
 -100.095  -832.563  -8465.04  -70765.6  -8000.54  -284.854   257.553  -103.569  -4471.18  -1952.08   846.812   1279.97   646.232  -2018.76   1403.89  -138.556   1590.71   2793.86   2062.85  -57.0223   860.718  -195.991  -6.65074   457.437   707.385  -1504.32  -4604.45  -175.563  -199.672   337.901   -1491.2   17.3633  -1026.79   -2087.2   -971.59  -489.144  -609.702  -375.343   214.008  -2566.97  -4391.44  -391.217  -1461.82   -1792.6  -888.302  -668.294   1271.46  -615.755   804.859   355.421  -3159.79  -463.646   245.604   44.6279   1133.35   -102.75  -58.9536  -1481.16  -662.022  -108.553   440.724   842.377   15.9398   127.907    -91.84   1155.75  -1034.39  -99.7622  -333.602   366.022  -948.355  -4568.95  -458.843  -212.613   535.234  -471.351   775.139   1001.55  -61.7799  -163.617  -785.642   1301.34  -846.477   841.174   -185.73   1189.97  -419.443  -28.4338  -735.682    230.23   -164.58   389.247  -1339.83   164.523  -890.179   1061.45   386.025   83.5196  -638.251  -920.299   404.123  -1165.59  -1531.18   480.137    317.56
  461.816  -2467.02  -4588.87  -8000.54  -44774.4  -481.639  -297.686  -23.7352  -7893.37  -1437.01  -1089.49  -2099.51  -1385.24  -968.336    2467.4  -593.597  -3564.57   766.372  -55.4618  -193.218  -1109.46  -21.3055  -22.9254   1553.37   108.601   556.621  -3354.83    189.75   321.019  -83.5529   -331.07  -1399.34  -404.226  -1849.37  -889.517   130.205    406.71  -776.915   109.425  -1958.19  -1223.66   534.574    476.44  -1654.98  -411.828  -161.085  -391.229   160.559  -2025.72  -1559.61  -124.997   716.711  -318.586   949.812   480.809  -213.992   147.254  -255.248   101.003   128.482   462.493   332.599   -1018.7   272.525   13.7514    1424.1   197.212  -199.691   164.091   107.989   315.426  -1658.93   88.6257   -402.25  -1961.23  -876.712   317.728  -121.676   76.0897  -54.0506  -528.966  -258.909   716.112   534.612  -1088.94   920.465  -1544.94   19.7826  -201.008     232.4   404.843   228.363  -787.694   505.744  -1845.73   593.069  -1545.28   960.384  -320.998   329.535   355.908     219.2  -179.946   104.612   91.9451
 -966.517  -707.884  -1648.25  -284.854  -481.639  -6588.79  -240.406  -857.487   5.79125  -376.877  -971.043    141.24  -344.085  -84.0364   425.461  -128.479   1171.41   1731.81  -62.4696   291.937   612.166  -56.9327    -50.16  -320.374   306.802  -163.569   737.894   265.992   196.827   28.7118  -637.554    519.78   286.252  -204.074  -95.7595   133.485   104.088   -51.585   31.4185  -628.709  -1377.93   295.644   329.522     229.8  -133.685  -227.364   -482.89   111.822  -146.282    168.96  -277.297   289.094  -107.463   153.089   106.211   150.237   305.625   80.8952  -15.6899  -82.5159   101.477   51.6163   154.691   45.3995  -243.407  -597.717    133.62   304.874   152.357  -595.607  -844.822  -654.988  -150.013  -713.919  -677.743  -364.663  -433.977  -459.234  -77.2084  -459.574  -880.309  -95.2451  -703.918  -226.474   271.401  -310.555   170.904   253.249   89.1961  -93.6094   82.6694  -124.263  -509.881   10.5007  -28.9206   301.482  -364.606   214.283  -306.055  -182.172  -88.8488  -27.0963    -258.7     84.63  -44.1842
  365.887   103.592   550.265   257.553  -297.686  -240.406  -5707.42  -686.665   25.2992   98.2209  -1105.73   -300.03   484.512  -221.611   983.583  -840.711   1450.81   963.049  -156.266   348.528   -261.81  -277.203   118.143  -582.686    52.472   236.678   894.195   40.3423  -52.7702  -12.7046   640.253   104.789   36.2598   254.103   166.583   267.192   642.443   634.129   516.091   -434.73   528.443   473.031  -371.207   167.858  -357.258   -332.71  -462.439    34.122   177.811   17.4448   556.547   167.725   48.4137   54.4792  -32.1954   -22.814  -223.105  -802.685  -149.646   102.433   6.05318  -52.6814  -74.9931   68.4245   146.934  -146.969  -92.9612   191.687   35.3784   915.317   118.092   373.339   312.283    312.31  -128.746  -197.001   360.525   555.695   37.4058   383.361   234.201   120.378  -403.958   -220.74   244.376  -422.815  -479.624   309.833   59.2346  -78.5908  -126.518   231.344    750.48    584.67   470.245   520.444    34.536   726.317    147.03   240.952   -139.56   99.8928   5.75662   76.2781   -28.593
 -324.553    222.21   -322.27  -103.569  -23.7352  -857.487  -686.665  -8617.16   394.723   -270.11   551.323  -1491.89  -49.8445  -341.234   373.827  -476.145   18.3162    200.56    305.11  -242.727  -595.395  -552.614   652.393  -288.717   -61.974    120.58   329.139   -43.562  -51.9751   32.9475   -341.74  -19.1457  -128.826  -436.025  -86.7643  -5.34939   20.3035   307.281  -2.93256  -305.284   869.564   838.502   869.665   965.541  -152.624  -108.022   104.862   146.989   260.219   555.193   19.6807   131.689   173.178   136.705  -101.587   306.995    152.27  -391.252   13.9531   148.567  -210.059   204.941    148.61   91.5194   -79.126   407.456  -110.839   7.13658  -285.071   1246.93   1417.75  -267.132  -165.039    324.03   343.785   3.38626   3.75168  -591.314  -675.821   281.351  -208.001  -207.357  -127.305   135.871   118.787  -279.373   10.4746    164.73  -164.089  -250.365  -17.2055   201.895    -237.2  -457.621   343.389  -384.988  -170.397   60.5572  -80.2253   90.7211  -120.942  -107.271   77.2978  -86.9909  -65.2822
  -604.01  -1577.55  -1875.08  -4471.18  -7893.37   5.79125   25.2992   394.723  -24868.2  -1681.26  -1431.77  -1574.42  -1711.39  -2907.63   525.225  -1821.88  -324.577   203.556  -1175.53  -184.741  -243.607  -121.593  -739.664  -139.973  -387.816   204.751  -2265.09  -376.231  -130.503   158.349  -1365.77  -78.2075   -241.06   577.602   514.183  -743.561  -966.588   140.421  -164.218   -99.388   380.644   1108.84   1011.66  -1307.05   460.713   396.144  -1574.41  -398.254  -875.417  -178.931  -320.704   455.163  -255.866   261.165   139.008   411.741   56.8586   732.004   331.437   383.076    345.85   598.569   114.883   159.424   94.1507   685.159   3.72966  -21.8816  -81.5427  -696.416  -817.335   868.768  -171.468  -311.339   405.566   78.8503   1288.28  -113.495  -616.887   147.161  -825.779  -622.218   1216.48    279.34  -27.5039   285.639  -317.415  -7.58194  -1037.89  -316.259   136.662  -124.686  -713.078  -1055.88   -1886.4  -349.668  -576.556  -3.55244   98.3257   403.596    297.01   174.644  -248.602  -60.0572  -346.724
 -224.055   78.2945  -1048.34  -1952.08  -1437.01  -376.877   98.2209   -270.11  -1681.26  -38200.1  -9248.23  -2839.44  -128.388  -3201.38  -844.971  -1611.85  -700.956  -4441.81  -1390.91  -844.236  -2242.14  -316.739  -2796.46  -1904.46  -397.464  -217.936   1466.78  -71.1873   130.067  -76.5518   117.197  -401.375  -211.854    431.45   470.756  -104.395  -535.381  -1326.29  -424.003   -1094.8   -144.88  -928.576   -668.99    1267.8   704.748   563.639   1412.07  -90.6845   1574.92   1484.11  -247.903  -87.6669  -647.267  -244.028  -237.243  -252.047   127.433  -709.131   175.081   683.746  -246.134   831.055  -523.925   388.255  -190.448  -1888.99  -16.3319   319.255   200.272   1880.29  -629.675  -1696.18  -46.7979  -729.402  -403.334   398.776   1074.52   1065.89   72.5021  -309.582  -1198.25  -938.026   1490.19   658.062   597.602   -130.36   42.3083  -40.9582   116.479  -289.815  -38.2749   92.4055   121.633  -1225.62   -817.58  -637.392   1524.21    32.334  -116.033   707.445   421.808    348.83   232.351  -102.254   562.382
  1498.06   2425.63   1571.94   846.812  -1089.49  -971.043  -1105.73   551.323  -1431.77  -9248.23  -92379.2  -6214.46  -6051.34  -11444.3  -1096.92   -3445.8  -3540.99  -11682.5   -8261.4  -2563.79  -3001.32  -3606.11  -1241.39  -3490.74  -960.048  -1116.05   1017.37   751.949   536.029   296.047    216.56   1079.76    1156.9   844.201  -432.377  -1407.17   526.076   -74.464  -315.403  -8442.83  -2591.63  -2326.53  -608.201   375.953  -471.862  -458.362  -917.635   -766.56   1836.09   585.159  -744.178  -486.768   882.302   -1348.8   218.694  -428.952  -504.404   -749.64   -511.54   106.154    621.07   248.994  -446.152    260.37   174.931  -6073.59    -569.2  -390.684  -198.217   834.197  -1742.03   1890.62  -595.634   717.329  -2612.61  -2474.33  -238.583   1303.16  -851.789    313.72  -2740.05   -2015.8  -133.738  -1314.18   308.446  -747.271   689.259   842.724  -629.858  -140.126  -816.075   178.176   2283.45   798.689    1024.9    765.25  -523.566  -2540.64   1389.33   165.914  -1559.88  -274.953   1208.28   977.655   1642.72
  1317.56   1376.76   524.453   1279.97  -2099.51    141.24   -300.03  -1491.89  -1574.42  -2839.44  -6214.46   -121890  -5656.01  -4674.86  -2553.96  -1941.47  -6590.58  -2416.42  -3906.89  -6041.91  -7647.07  -3737.19  -4021.93  -5249.61   -2212.8  -424.171   3270.57    354.46   223.885   389.678   2992.15  -64.6835  -1041.75   284.372    270.49  -711.939   1416.35  -2212.77   -1115.6  -1996.45  -2541.63  -358.061   260.173   642.054  -6493.18  -4870.19   36.2173  -420.915   794.908   186.538   1067.27   817.576   140.307   64.2098       757  -56.7942  -380.034  -6127.75    1066.4  -411.704  -545.803  -626.343  -654.056  -225.799   123.421   1497.19   363.114  -232.763   399.148  -1338.05   1006.82   532.135   221.485   -290.75   -592.55  -1566.82   301.904  -3106.47  -200.031  -365.478  -1973.55   1175.12   843.888  -408.179   248.207  -1453.45   295.325  -134.403  -1694.93   228.368  -64.4588  -200.539   704.993  -672.441  -585.565  -2105.76   880.885  -960.658   712.441   538.668   678.245   203.321   1404.09  -39.9709   524.603
   722.39  -117.373  -4958.44   646.232  -1385.24  -344.085   484.512  -49.8445  -1711.39  -128.388  -6051.34  -5656.01  -54645.8  -3484.38  -3618.49  -3237.15  -3376.94  -6413.36  -6268.66  -2654.82  -2770.91  -1450.42   -1604.4  -1816.28  -2019.22  -614.132  -3729.06   619.214   166.888   225.911  -788.626  -519.533  -53.0418   359.365  -436.451  -757.413   957.854  -689.205  -927.016   377.779  -1455.29   857.536   1535.93   162.907  -76.6838  -655.025  -79.7554  -481.967  -1130.35  -381.738   469.245   48.9163   482.472  -654.083   93.1171  -496.483  -356.756   683.127  -235.374  -339.033   -76.596   404.292  -1321.22  -38.6347  -628.354  -4551.28  -7.31352  -528.067  -581.784  -472.503   476.054   -558.67   387.671   1030.92  -2739.35  -891.915  -883.724   467.493   219.375    -70.08  -2280.57  -2648.67  -1433.73  -821.035   -747.66  -138.869  -261.097   596.904  -1621.59   471.546  -188.906  -138.521   654.075  -262.051   1157.39  -172.961  -2619.57   91.1155  -533.944  -162.418  -1430.77   18.5024  -55.4078  -311.153  -396.223
  938.978   1048.69   895.428  -2018.76  -968.336  -84.0364  -221.611  -341.234  -2907.63  -3201.38  -11444.3  -4674.86  -3484.38  -69607.2  -4011.29  -16417.6  -2087.33   -3508.4  -9479.81  -3491.45  -1471.37  -3894.57  -1941.32  -2717.41   -1537.1  -863.985   359.912   220.036  -505.455   452.903   1539.99   735.749  -1650.69   871.313   544.251  -230.423   641.873  -3227.65  -2871.24  -4835.94  -1033.54   1632.37   1712.18   328.831   148.655  -1196.34   1629.61   453.859   722.649   1242.55   -1317.1   -604.14   1190.89   481.449   -124.12   712.498   98.5322   1718.26   427.561   1411.47   552.544   -20.444   325.855  -60.3019   12.6615  -3467.07    174.31   509.128   265.162  -357.356   451.371   350.999  -796.098  -39.1025  -1008.23  -1824.61  -551.696   1000.31   4.58671   171.057    1196.9    1283.2   528.006   577.601   148.394  -170.582  -2458.03  -116.208   -348.66  -320.592   65.5311   21.8026   238.452   372.155   470.939    213.94  -1030.19   984.393   593.096  -47.4868  -305.491   402.909   219.913   64.1321   159.676
  479.907   364.063   610.847   1403.89    2467.4   425.461   983.583   373.827   525.225  -844.971  -1096.92  -2553.96  -3618.49  -4011.29  -40378.2  -5772.19  -3561.37  -8280.07  -6565.21  -1506.81  -395.687  -1398.26  -1587.35  -847.214  -1128.58  -150.287  -985.981   178.683  -164.088   84.9107  -979.929  -375.497  -230.342  -218.551  -638.107  -59.9731  -892.213  -260.584  -381.771  -385.586   298.957   1207.97   855.589   1791.76  -244.706   168.899   1424.15   -628.63   613.096   357.113  -1139.14    152.01  -1077.06  -802.277   362.497   149.252  -812.273   205.252  -303.206   246.309   22.5273  -322.069  -608.745  -61.3078  -13.1528  -2050.21  -327.023   302.929   10.5942  -688.162  -757.393   79.4086   195.701   473.407   656.502  -1023.65   745.855  -2042.48  -1007.34  -149.107   1036.38   -1893.3  -605.483   -778.01  -25.6237  -375.161  -671.291  -998.005  -151.613  -459.084  -215.773  -487.802   1164.12  -427.067  -276.205  -2850.44  -1320.09  -924.288   579.478   115.072  -232.383   329.522   417.594  -967.359   470.122
   660.04   1614.26  -488.756  -138.556  -593.597  -128.479  -840.711  -476.145  -1821.88  -1611.85   -3445.8  -1941.47  -3237.15  -16417.6  -5772.19  -60861.9  -8329.22  -8858.57  -8085.18  -8051.59  -1203.78  -3584.66  -1766.34  -2576.79  -762.252  -1442.59   2252.19  -141.413   100.057  -93.8088   1888.49   1474.71    178.89   511.549   162.159   33.8062  -355.182  -390.621  -398.892   -346.62  -188.706    2097.7    2096.4   512.611   370.193   738.081  -986.605  -254.156  -1397.28  -226.358     -1783  -492.733  -600.019  -1176.71  -58.5904   280.665  -58.4064   88.3116  -351.748   283.894   456.329  -725.572  -182.633   236.422  -62.5067  -5274.35   87.4381  -14.1615   301.154  -578.705   485.446    1457.6  -397.654   792.299  -1131.58  -782.884  -867.686  -1250.32  -821.233   563.557  -91.1601  -1493.39   369.067   586.984   -330.19  -641.919  -1822.86  -1615.96  -55.4281  -349.505  -751.135  -340.077   1264.37    78.516   1327.67   1865.66   450.597   1305.35   408.428   146.282  -565.804   987.711   552.257    605.62   474.982
  1790.39  -410.613  -2652.01   1590.71  -3564.57   1171.41   1450.81   18.3162  -324.577  -700.956  -3540.99  -6590.58  -3376.94  -2087.33  -3561.37  -8329.22  -96988.7  -18515.8   -9677.4  -3984.11  -3195.53  -3023.42  -1827.94  -618.266  -2774.78 -0.633824   936.357   388.933   135.113   281.876   1331.23  -1417.35  -172.337   1015.98  -367.217   536.645   594.403  -3057.01   12.9575   -5191.5   -292.36   184.092   750.856  -1134.72    342.96   966.096   563.368   611.482   1237.38   -745.68  -141.794  -768.192  -272.999   10.2471   259.093   120.004  -1216.79  -1163.96   -364.16  -1272.78  -1080.54   140.077   -796.04   158.906  -458.931   3268.55  -260.408   105.849   99.5807  -3094.88   1118.27   368.771  -372.867  -2175.57  -2256.61  -234.327  -3327.61   252.683   516.049     -1.77   -2245.1  -3383.81  -1377.31  -1075.72  -100.871   787.318  -45.2215     204.1   305.973   662.143   1380.11  -402.345  -1415.03   191.725  -591.153   1735.23   149.373  -835.671   839.704   361.409   550.579   160.033   512.133   108.863   671.512
  1517.42   2434.92   831.625   2793.86   766.372   1731.81   963.049    200.56   203.556  -4441.81  -11682.5  -2416.42  -6413.36   -3508.4  -8280.07  -8858.57  -18515.8   -123499  -13229.1  -6778.27  -1734.21  -9380.18   -2386.8  -2503.42  -2936.08   705.706   824.265   -486.72  -771.188   526.683   2440.54  -1263.43  -1923.71  -2644.91  -1126.51  -598.173  -870.429  -1603.06   62.6465   -489.95  -1892.51   -7704.5  -2212.91  -1142.02   448.607  -1934.43   -4219.6   1460.78  -599.496   1673.25  -735.666   364.993   866.896  -6.24007   354.587   314.849   510.621   2324.47   54.9313   1852.91  -934.229   917.108   607.075    412.77   497.287   4383.37  -406.811  -542.985  -427.424   1509.59   2937.96   1466.88   525.842   1751.59   -2278.2   1212.86  -975.745   2553.85    210.14   536.319  -1260.04  -4043.42   -600.28  -639.766  -442.833  -1066.06   186.134   805.858   205.948  -417.369   40.8819  -881.093   1886.14   64.1402  -1335.25   163.754   -1576.2  -1097.15   302.117  -331.907   -675.91  -92.2202   648.667   -16.216   349.136
  478.089   168.903   -208.57   2062.85  -55.4618  -62.4696  -156.266    305.11  -1175.53  -1390.91   -8261.4  -3906.89  -6268.66  -9479.81  -6565.21  -8085.18   -9677.4  -13229.1  -60696.7  -2665.72  -2840.99  -3146.54   1.05309  -1874.59  -1401.18  -1869.02   925.742   73.9266  -74.3835   180.966   1160.68  -704.533  -753.546   444.268   248.036  -940.044  -1398.62  -940.377  -900.436  -2647.34  -1619.76  -1863.53   851.835   504.423  -212.625  -440.444  -1481.91  -117.854   303.673  -204.859   985.459  -698.716   527.961  -1383.85   696.533   189.278   543.256   1774.61  -606.995   708.553  -210.629   99.2119  -1115.08   232.038   -30.984  -7808.12   176.559  -811.017  -48.7277  -730.714   835.206  -567.802   -875.65   423.947  -1397.66  -1634.44  -1075.74  -1013.73   370.455   69.0431  -184.898  -1205.76  -749.573   459.387   19.4586  -1574.53   9.47687   181.541   20.7159  -608.513  -455.137   564.189  -392.572     -1349  -402.489   960.177  -927.731   -94.344   181.765    193.46   41.0643  -237.664   818.271  -580.804   385.482
  800.435   452.956   456.498  -57.0223  -193.218   291.937   348.528  -242.727  -184.741  -844.236  -2563.79  -6041.91  -2654.82  -3491.45  -1506.81  -8051.59  -3984.11  -6778.27  -2665.72  -29361.4  -3976.49  -2355.58   -1963.1  -2856.72  -1768.46  -1042.94   1595.13   18.6803  -131.291    232.31   989.313   -55.009  -749.721  -1.00545   138.735    194.04   138.091  -354.127  -1426.45  -805.161    280.61   712.531   219.008   708.858   477.493    153.78  -1451.85  -374.586   364.978   490.177   165.583  -154.302  -279.456  -765.286   737.194   302.437  -105.806  -248.432  -329.172   316.632  -71.0907  -290.915  -269.595   298.818   224.721  -589.207   527.528   25.5268   519.401  -2545.64   613.197   156.626  -787.349  -535.875  -71.4224   113.336  -1742.43   611.619  -186.254  -261.818  -851.082  -961.035  -195.845  -99.7995  -434.841   -237.46  -218.975  -112.929  -158.403   333.919  -111.256  -83.5466  -383.081   -1318.9  -907.234   -867.36  -422.041   208.924    414.11   230.683   134.315   297.173   890.231   403.525   424.123
   1086.4   538.953   991.025   860.718  -1109.46   612.166   -261.81  -595.395  -243.607  -2242.14  -3001.32  -7647.07  -2770.91  -1471.37  -395.687  -1203.78  -3195.53  -1734.21  -2840.99  -3976.49  -28286.7  -1010.13  -2062.19  -1420.26  -1693.95  -248.129   1744.17  -203.592  -91.2953   128.523   599.536   184.724  -590.743   -520.25  -170.053   16.1469  -797.902  -576.908  -1219.06  -799.172   566.374   828.003    875.46   895.175   1021.21    1079.7  -846.394     -1012   -565.96   214.409    1151.8   117.457   -390.27  -672.796   135.002  -104.914  -574.009   374.252  -15.2457  -437.596  -244.008   -840.59  -24.5873   183.906   54.6132  -1325.07  -170.599   221.076  -271.558   1056.38   1045.96   292.237  -206.249  -188.013  -79.1659  -797.279  -304.368   73.7899  -397.672  -258.534   -652.54  -1283.76   141.344  -367.867    232.07  -1094.15  -108.098   166.693  -510.026   212.179   316.535   201.858   822.268  -309.374  -496.211    237.07  -555.062  -607.614    36.428   255.036  -370.917   452.641   1197.68   313.661   910.259
  461.014   1003.03   2202.56  -195.991  -21.3055  -56.9327  -277.203  -552.614  -121.593  -316.739  -3606.11  -3737.19  -1450.42  -3894.57  -1398.26  -3584.66  -3023.42  -9380.18  -3146.54  -2355.58  -1010.13  -17416.7  -260.168  -759.828  -695.982   504.739   1708.25   262.389   13.6519   51.5488   1687.09  -166.438  -957.036    133.97   99.7724  -146.301   152.102  -113.008   63.6998   426.445  -1335.47   271.008   983.613   413.243   61.5907  -227.515   221.517    444.32  -565.974   26.4714   517.604  -140.692   68.4397  -192.593   299.398    471.82  -4.89754   903.733  -8.91695   808.983  -384.657  -156.965  -479.275   154.057   141.314   651.021   80.0335   43.4404   110.809   1089.91   1432.36   1625.73  -32.2628  -1983.34  -803.496  -310.022  -534.229  -1.84259  -156.979   539.601   1265.24   882.507   737.224   240.859  -112.416   250.557  -84.8801    459.18  -522.407   408.832   185.305   117.976   857.993   313.316   110.896   419.512  -471.843   762.936   137.246    781.48   618.128   220.374   293.462   107.673   397.622
  768.329   959.979   923.707  -6.65074  -22.9254    -50.16   118.143   652.393  -739.664  -2796.46  -1241.39  -4021.93   -1604.4  -1941.32  -1587.35  -1766.34  -1827.94   -2386.8   1.05309   -1963.1  -2062.19  -260.168  -27209.8  -5663.39  -2060.11   639.842   1826.44  -147.526   41.8446   197.098   764.103  -566.326  -824.995   211.808  -293.683   379.695  -541.958  -1461.01  -453.383   578.032   1648.04   349.624   919.175   311.477   347.003   -593.06   363.802  -742.775  -658.174   297.159  -501.876  -99.7362  -625.809  -1388.82  -45.6834  -47.8189  -508.747  -173.675   190.432   156.735   15.9033  -576.601   64.5081   363.854  -73.4236   1297.03   251.646  -168.851   -55.343   1064.38   546.354   371.993    -286.5  -1389.23  -73.1448  -70.8104  -751.874   343.045   99.7117   374.337  -515.906  -2451.46   136.802  -281.588   24.3155   -5.5144   513.216   187.082  -603.831   654.425   340.195   35.3196   487.398  -1408.74  -243.008  -422.991  -454.596  -976.701   483.004  -2.20617   308.163   626.728   426.614  -158.154  -72.4565
  1284.52   1232.17    481.29   457.437   1553.37  -320.374  -582.686  -288.717  -139.973  -1904.46  -3490.74  -5249.61  -1816.28  -2717.41  -847.214  -2576.79  -618.266  -2503.42  -1874.59  -2856.72  -1420.26  -759.828  -5663.39  -19270.9  -570.722  -129.569   1370.68   444.368   147.273   202.044   229.328  -175.652  -565.593   317.316   94.3402   172.283   79.1001  -932.332  -579.453   654.702   1236.46   219.034   807.188   1130.16   386.779   369.664  -37.2582  -184.609  -141.359   435.509   305.658   114.328    165.42  -721.907   182.955   156.347  -244.659  -438.934  -558.275   429.473   262.811  -2.45772  -284.336   90.6838   -60.523  -1141.03  -286.396  -44.4971  -191.816   1004.23   409.795   1089.01   259.491  -335.923   793.432   162.747  -325.237   657.981   505.008  0.341819  -228.065  -1187.59    -111.2  -449.658   322.675  -417.186  -701.415   218.573  -263.185   133.571    54.733  -18.3066   396.386   -1.5891   62.4134   115.612   1025.61  -300.817   99.2976  -477.522  -307.149   381.706   514.014   85.8126  -185.064
  163.249  -65.9104   338.318   707.385   108.601   306.802    52.472   -61.974  -387.816  -397.464  -960.048   -2212.8  -2019.22   -1537.1  -1128.58  -762.252  -2774.78  -2936.08  -1401.18  -1768.46  -1693.95  -695.982  -2060.11  -570.722  -9732.22  -245.851  -171.604  -158.519  -112.502   54.9205  -1104.81   198.232   267.736   590.518   176.709  -193.552  -153.999   -174.83  -238.348   774.991  -169.898   233.958  -372.428  -796.742   576.759   432.789   479.546  -421.611  -71.6198    222.04   146.208  -65.5078  -26.9193  -547.276   108.121   234.952  -374.221   302.525   100.269  -147.303  -89.8998  -95.6945  -346.376   206.253  -43.1822     966.2   79.0798  -154.216   91.2863   257.159   608.645   174.709  -335.516   -565.67  -712.478  -857.151  -957.327   371.935   100.438  -271.215  -157.528  -663.331   212.131  -190.733  -182.321   29.6316   388.504   315.366   43.2966   59.3655   37.9314  -44.1528   1173.49    322.21  -123.318  -867.576  -354.228  -290.925   247.245   260.103  -157.378   95.1679   354.166  -79.9242  -28.4281
   468.01  -599.825  -167.268  -1504.32   556.621  -163.569   236.678    120.58   204.751  -217.936  -1116.05  -424.171  -614.132  -863.985  -150.287  -1442.59 -0.633824   705.706  -1869.02  -1042.94  -248.129   504.739   639.842  -129.569  -245.851  -8491.47  -949.372   78.0349   171.304   107.622  -629.761  -440.596  -472.813   438.448  -84.7853   -285.86  -691.286   -959.25  -929.082   -492.25  -292.789   36.8525  -607.294  -584.584   507.268   41.4155   933.426  -93.8598   686.335   555.376  -361.457   146.137  -22.8428   6.91362   291.028  -125.502  -126.265   77.2771  -534.243   325.719   214.002   301.488  -195.097   75.1865  -325.384  -2001.69  -123.286  -248.467   206.094  -1247.22   -1211.1  -790.937  -100.672  -633.615  -722.824  -60.7928  -445.967  -576.278   93.2998  -256.562  -308.549  -1008.12  -20.7897  -510.655   54.0947  -239.269   355.913   96.4383  -66.3538   -46.859  -195.843   92.2167  -1280.15  -395.577  -629.371  -246.162 -0.565346  -663.301  -129.486  -285.121  -119.316   232.517   633.016   176.453    253.89
  608.607  -2702.73  -5841.15  -4604.45  -3354.83   737.894   894.195   329.139  -2265.09   1466.78   1017.37   3270.57  -3729.06   359.912  -985.981   2252.19   936.357   824.265   925.742   1595.13   1744.17   1708.25   1826.44   1370.68  -171.604  -949.372  -69883.6   551.395  -77.5075   234.601  -25126.1  -1881.64  -30.7562    13.462    764.45  -1074.84  -2226.16   1125.59  -1762.43  -3903.45  -3203.91  -112.794  -213.749   677.377   743.127  -200.206   2016.04  -208.681   2307.46   2403.82  -718.969   1057.75   957.231   1006.27   66.7136   504.937    669.24   697.813   498.677     -2978   1261.08  -274.315   -2046.6   369.393  -802.464   1975.41   610.785  -668.076  -97.0413  -145.278  -2168.19  -3959.39  -70.5057  -1287.32  -763.036   -477.82  -48.6509  -2955.24  -640.487  -2345.56  -2271.03   1536.02   229.936  -132.401  -1087.08  -475.277   28.6835  -255.774  -1929.82   430.816   187.876   217.218  -1765.49  -624.723   160.895   698.203    724.66   2085.89  -288.785   627.735   776.188  -829.508  -62.7568   -81.798   199.538
  224.762  -366.667  -21.2881  -175.563    189.75   265.992   40.3423   -43.562  -376.231  -71.1873   751.949    354.46   619.214   220.036   178.683  -141.413   388.933   -486.72   73.9266   18.6803  -203.592   262.389  -147.526   444.368  -158.519   78.0349   551.395  -5062.23  -1745.96  -249.361   483.841   574.239  -143.527   245.426   371.096   89.6692  -103.008   177.781  -137.335  -521.283   723.865   517.296   257.107   64.4961   -532.34   -1002.7   228.158   -331.66  -577.757  -21.0539   337.911   80.8195  -332.191   -477.12   26.8206   -28.044  -20.1055    24.043  -54.3591  -102.667   161.659  -64.6973   -14.054  -32.2407    -3.285  -427.672  -45.3253   124.104   1.64789    208.92   653.715    260.16  -4.35713   558.196   195.874    228.01   3.53421   462.749   211.268  -168.263   437.011    634.89  -88.2995  -46.9453   45.4302   127.488  -73.1322   256.695  -93.2268  -87.5075   43.5249   90.7896   43.3104    95.758   211.907   262.747  -521.271   1.31617  -19.0023   68.6823   184.204   107.981   325.158   77.9475  -91.6738
  32.4226  -197.283   144.383  -199.672   321.019   196.827  -52.7702  -51.9751  -130.503   130.067   536.029   223.885   166.888  -505.455  -164.088   100.057   135.113  -771.188  -74.3835  -131.291  -91.2953   13.6519   41.8446   147.273  -112.502   171.304  -77.5075  -1745.96  -2490.61    78.672   335.569   475.595  -71.2172   38.0589   101.766   5.14816   18.4918   144.971  -88.4257  -93.5921   416.083   111.554  -505.672   198.114   181.025  -26.5938   162.593   -89.426  -443.054   111.885   192.263   23.7052  -60.4429   -36.581  -25.3049  -102.559   1.26696   248.777  -62.9975  -100.128   191.688  -100.833  -17.3022   1.91873  -59.5178  -269.199  -11.2886   -36.538   54.7215  -209.961   57.2947  -52.5627    81.722    73.919  -80.7261  -61.1295  -146.963  -67.8856   221.758   -123.36   140.652   487.514  -257.366  -11.0302  -44.9478  -101.266   38.6881   44.9729   263.776  -72.2819   58.5112   47.9307   50.0112  -72.0711   159.341   238.718  -99.8315  -91.1857  -152.625  -29.8289   159.187   55.8517   278.829  -28.4535   22.9538
  -313.39   18.7549   10.3544   337.901  -83.5529   28.7118  -12.7046   32.9475   158.349  -76.5518   296.047   389.678   225.911   452.903   84.9107  -93.8088   281.876   526.683   180.966    232.31   128.523   51.5488   197.098   202.044   54.9205   107.622   234.601  -249.361    78.672  -543.261    127.72   18.9462  -45.3157   55.9972  -1.21462   23.2799   148.203   136.618   223.191   271.979   130.479     99.95   70.0441   72.0679  -257.884   26.7032 -0.186387   32.9067   -12.437  -96.9297   73.9955  -17.1221  -104.088  -37.0673   39.4696   32.6441   43.9654  -102.124  -30.3711   84.7632  0.988427   16.4054   50.8582  -9.94124   15.9754  -376.088   68.2558   102.373   149.048   58.3412   126.369   28.0895    117.62   295.392   138.557    194.36   59.2949    112.34  -11.3142   44.8941   201.309  -97.5165   250.776   75.6977   95.5233   34.9375   121.327    108.95   92.9884   23.7468  -2.11767  -65.3293   129.687  -94.7749   61.6216  -138.917  -50.5849   -23.701  -7.45384   32.9064  -67.0615   13.7872  -39.8943   7.56124   -50.619
 -913.324  -1112.82  -6754.83   -1491.2   -331.07  -637.554   640.253   -341.74  -1365.77   117.197    216.56   2992.15  -788.626   1539.99  -979.929   1888.49   1331.23   2440.54   1160.68   989.313   599.536   1687.09   764.103   229.328  -1104.81  -629.761  -25126.1   483.841   335.569    127.72  -40820.1  -2322.03  -542.444  -204.867  -220.081  -1747.85  -2688.33  -209.783  -1346.53  -2679.25  -1304.48  -460.636   -756.53     -1264   331.442   132.103   1159.01  -1184.04   1527.25   1340.54    397.72   303.879   522.308   688.284  -103.035   511.136   502.395   1100.84   368.265  -1388.11   753.829   116.823  -628.414   11.4677  -661.401   1227.03   306.036   107.157  -169.792   -446.58   -3984.4  -3618.38   265.211  -3865.76   95.1645  -1349.68  -1032.52  -1483.02  -280.782   -1191.9  -2583.11   665.606   972.791   544.712  -193.096   77.9773   588.238   492.347  -692.963  -863.658   210.118   181.045  -774.548  -731.849  -1467.08  -823.288  -216.453   822.105   665.568  -162.886   23.2889   239.812   -196.26  -230.695   -50.671
  133.727  -313.228  -1133.52   17.3633  -1399.34    519.78   104.789  -19.1457  -78.2075  -401.375   1079.76  -64.6835  -519.533   735.749  -375.497   1474.71  -1417.35  -1263.43  -704.533   -55.009   184.724  -166.438  -566.326  -175.652   198.232  -440.596  -1881.64   574.239   475.595   18.9462  -2322.03  -18461.9  -1909.26   -2457.8  -966.411  -341.143   3.44876  -818.523  -144.014   -1382.8  -1435.65  -71.5465   -840.49   -791.65   464.505  -134.323   1189.11   23.6951   430.054   577.594  -1.01609    212.33   60.1886   642.073  -147.641   176.127  -136.537   338.723  -451.161   686.558   62.9158   439.655  -515.627   27.1055   107.757   1860.65  -87.9138  -86.6951   29.4367  -52.3639  -117.123  -1010.79   85.1695   294.744   179.935    203.91   556.559   217.381  -384.525   65.3225   -640.45  -557.235   403.206   652.463  -358.577  -672.134   -399.17  -239.031  -249.593  -263.387   -30.606   42.9451  -231.037  -2636.91  -307.907   985.338  -128.939   427.663    9.2125   -90.496    227.73  -36.5725   363.226  -489.784   -18.411
