
 54

(((((((Molgula_te: 0.119175, Ciona_inte: 0.083666): 0.095118, ((((((Ornithorhy: 0.021435, (Mus_muscul: 0.012963, Homo_sapie: 0.009362): 0.015614): 0.012564, Gallus_gal: 0.018627): 0.019667, Xenopus_tr: 0.042791): 0.007828, Danio_reri: 0.043260): 0.010185, Leucoraja_: 0.055943): 0.024235, (Petromyzon: 0.045357, Eptatretus: 0.083419): 0.024415): 0.033575): 0.015898, Branchiost: 0.113901): 0.011620, ((Xenoturbel: 0.098075, Symsagitti: 0.321396): 0.039439, ((Patiria_pe: 0.072415, (Strongyloc: 0.087494, Holothuria: 0.086491): 0.016757): 0.040792, (Ptychodera: 0.046619, Saccogloss: 0.053020): 0.041076): 0.015217): 0.009221): 0.006244, ((((((((Daphnia_pu: 0.104550, (((Rhodnius_p: 0.119529, Tribolium_: 0.067716): 0.013542, Gryllus_bi: 0.074129): 0.041116, Onychiurus: 0.152284): 0.019341): 0.018502, Litopenaeu: 0.178622): 0.026930, Scutigera_: 0.056006): 0.000903, (Anoplodact: 0.103966, (Acanthoscu: 0.093014, Ixodes_sca: 0.122602): 0.032063): 0.011273): 0.018221, Euperipato: 0.084960): 0.011987, Caenorhabd: 0.290030): 0.005149, Priapulus_: 0.158375): 0.014824, ((Flaccisagi: 0.037456, Spadella_c: 0.063188): 0.106588, (((Euprymna_s: 0.131282, ((Mytilus_ga: 0.078322, Crassostre: 0.058813): 0.034549, (Aplysia_ca: 0.115545, Lottia_gig: 0.105114): 0.020774): 0.011074): 0.016870, (((Capitella_: 0.079568, Pomatocero: 0.059854): 0.016243, Alvinella_: 0.085111): 0.015659, (Helobdella: 0.101160, Tubifex_tu: 0.067729): 0.035905): 0.025104): 0.013413, (Brachionus: 0.149347, Philodina_: 0.185541): 0.085473): 0.012235): 0.003526): 0.014122): 0.022079, ((Acropora_m: 0.077025, (Anemonia_v: 0.068353, Nematostel: 0.061387): 0.021773): 0.039463, (Hydractini: 0.057105, Hydra_magn: 0.092940): 0.102723): 0.023779): 0.035406, Trichoplax: 0.174397, (Suberites_: 0.106449, Amphimedon: 0.119158): 0.065641);

  0.035406  0.022079  0.006244  0.011620  0.015898  0.095118  0.119175  0.083666  0.033575  0.024235  0.010185  0.007828  0.019667  0.012564  0.021435  0.015614  0.012963  0.009362  0.018627  0.042791  0.043260  0.055943  0.024415  0.045357  0.083419  0.113901  0.009221  0.039439  0.098075  0.321396  0.015217  0.040792  0.072415  0.016757  0.087494  0.086491  0.041076  0.046619  0.053020  0.014122  0.014824  0.005149  0.011987  0.018221  0.000903  0.026930  0.018502  0.104550  0.019341  0.041116  0.013542  0.119529  0.067716  0.074129  0.152284  0.178622  0.056006  0.011273  0.103966  0.032063  0.093014  0.122602  0.084960  0.290030  0.158375  0.003526  0.106588  0.037456  0.063188  0.012235  0.013413  0.016870  0.131282  0.011074  0.034549  0.078322  0.058813  0.020774  0.115545  0.105114  0.025104  0.015659  0.016243  0.079568  0.059854  0.085111  0.035905  0.101160  0.067729  0.085473  0.149347  0.185541  0.023779  0.039463  0.077025  0.021773  0.068353  0.061387  0.102723  0.057105  0.092940  0.174397  0.065641  0.106449  0.119158

  0.000000  0.000000 -0.011967 -0.005718  0.000000  0.000000  0.000000  0.000000  0.000000  0.000000  0.000000  0.000000  0.000000  0.000000  0.000000  0.000000  0.000000  0.000000  0.000000  0.000000 -0.005161  0.000000  0.000000  0.000000  0.000000  0.000000  0.008363  0.000000  0.000000  0.000000  0.000000  0.000000  0.000000  0.000000  0.000000  0.000000  0.000000  0.000000  0.000000  0.012269  0.000000  0.000000  0.000000  0.000000  0.005052  0.000000  0.000000  0.000000  0.000000  0.000000  0.000000  0.000000  0.000000  0.000000  0.000000  0.000000  0.000000  0.000000  0.000000  0.000000  0.000000  0.000000  0.000000  0.000000  0.000000  0.000000  0.000000  0.000000  0.000000  0.000000  0.000000  0.000000  0.000000  0.000000  0.000000  0.000000  0.000000  0.000000  0.000000  0.000000  0.000000  0.000000  0.000000  0.000000  0.000000  0.000000  0.000000  0.000000  0.000000  0.000000  0.000000  0.000000  0.000000  0.000000  0.000000  0.000000  0.000000  0.000000  0.000000  0.000000  0.000000  0.000000  0.000000  0.000000  0.000000


Hessian

 -4.313e+04      -8839      -6873      -5418      -3674      -6413      -2483      -4382      -5739      -6305      -2216      -2071      -3603      -2162      -2809      -3377      174.9     -52.13      -2482      -3985      -2874      -2551      -2774      -1877      -3885      -3758      -3946      -2521      -2003      -2396      -6500      -4703      -3017      -3216      -4410      -1515      -3629      -2063      -4017      -4989      -8872      -5951      -7859      -5825      -2746      -3548      -5255      -5084      -6657      -3193      -3218      -2297      -3669      -2758      -4052      -2447     -380.3      -3147      -1003      -2975      -3469      -3226      -1631      -2238      -1752      -7757      -2788      -1765      -2057      -2253      -6129      -7468      -2281      -4783      -3925      -4584      -4108      -5330      -4210      -3180      -4486      -4820      -1693      -2398       -921      -3676      -4963      -3807      -2866      -4191      -2961      -2509      -5174      -5032      -4846      -4188      -4191      -3652      -4127      -3345      -2972      -4520      -6065      -3566      -3521
      -8839 -7.924e+04      -8216      -3958 -1.127e+04      -5935      -3398      -3817      -6137      -6410       -664      -2488      -6294      -1547      -1976      -2005      -4019      217.5      -4207      -4370      -5161      -1945      -3367      -2912      -4947      -5937 -1.031e+04      -4059      -2723      -1535      -4217      -4637      -3562      -6598      -3686      -2781      -2906      -1122      -4107      -7024      -3919      -7616      -9623 -1.431e+04      -6355      -8890      -9130      -4505      -6233      -3973      -4054      -1661      -3535      -5219      -2533      -3394      -1033      -3801      -4278      -3653      -1728      -3357      -3704      -1690      -2034 -1.102e+04      -1636      -2161      -1856      -8024      -9410      -9620      -1678      -6501      -4380      -5278      -3038      -3257      -2978      -3390      -9089      -7873      -3038      -4340      -2464      -4323      -4410      -3681      -3385      -4096      -3742      -2788 -1.399e+04      -8121      -6251      -6133      -4363      -5386      -2865      -2076      -5319      -3570      -3965      -2316      -2993
      -6873      -8216 -2.155e+05 -1.627e+04   -1.5e+04      -6967      -3380      -3782      -9800      -6758      -6238      -6196 -1.705e+04      -1243      -1030 -1.088e+04  -1.39e+04      -1185      -5871      -3366      -5469      -1931      -5497      -4211      -3930      -6129 -1.404e+04      -2431      -1707      -2161 -2.142e+04      -7296      -8096      -9465      -4148      -5906      -3326      -3466      -7804 -2.243e+04      -4088      -3546      -6514      -5800      -8182      -9087      -8752      -6227      -6337      -6386      -4485      -2705     -100.8      -3118      -1323      -2808      -2219      -1529      -3881      -2860      -2673      -3847      -6373      -2532      -2609 -1.476e+04      -1112     -755.2      -1749 -1.138e+04 -3.352e+04      -8461      -3253 -1.526e+04      -4881      -5765      -5282 -1.121e+04      -5554      -4751      -5158      -5403      -4150      -5340      -1958      -4751      -6406      -2505      -6868      -3362      -2201      -2309      -5358      -7537      -6979      -8968      -3506      -8002      -2889      -2785      -1764      -7111      -6658      -4373      -6152
      -5418      -3958 -1.627e+04 -1.374e+05 -1.328e+04      -4533      -2994      -3745 -1.187e+04 -1.196e+04      -5215      -2398      -6394  -1.28e+04      -3053      -9690      -2868      -2580      -3067      -7114      -4972      -4206      -4129      -6919      -3009      -6299      -9008      -3292      -2140     -698.2      -9116      -3582      -5904      -8989      -6097      -3957      -6825      -6517      -6184      -6483 -1.412e+04      -4077      -6935      -8584      -3609      -3600      -1186      -5629      -4859      -2924      -8882      -4726      -3599      -4482     -980.5      -3700      -1031 -1.247e+04      -5033      -5480      -2663      -1577      -2401      -1496      -2429      -3582      -4746      -1659      -3122      -7314      -8180 -1.103e+04      -3382      -3646      -3730      -6117      -2434      -1104      -3970      -3712      -9767      -6464      -9705      -3680      -2563      -1654      -4116      -4417      -4512      -3097      -3438      -1711 -1.006e+04      -4386      -6331      -4348      -4234      -4404      -4845      -8494      -3181      -5536      -7352      -1974      -3452
      -3674 -1.127e+04   -1.5e+04 -1.328e+04 -1.053e+05      -4660      -4750      -4596 -1.482e+04      -6212      -9663 -1.557e+04      -8880      -5977       1165      -6544 -1.628e+04      -5111      -5879      -6338      -7756      -4237      -4540      -2441      -4055      -2985 -1.051e+04      -2407      -1021      -2152      -6435      -8822      -4309      -8714      -6767      -2160      -4442      -5194      -5008      -8714      -8913      -5755      -3534      -8716      -5845      -6430      -6501      -3630      -8019      -7523      -5415      -1838      -4302      -3245      -2596      -4275      -1779      -6961      -2988      -3936      -1945      -3565      -5127      -1922      -1927      -2359      -2443      -1977      -2608      -5650      -5959      -8749      -2829      -5940      -9700      -7131      -4362      -4984      -3956      -4826      -6210      -6966      -3853      -4325      -4662      -2729      -7288      -4428      -2877      -3754      -2583      -2085      -6818      -4381      -7848      -2180      -6357      -1585      -4418      -3305      -4166      -3606      -4438      -2187      -3686
      -6413      -5935      -6967      -4533      -4660 -2.108e+04      -3476      -4534      -3255      -4935      -6767      -3899      -4979      -3794      -2399      -4593      -1196     -732.8      -3032      -3970      -2399      -3283      -4260      -4268      -3130      -4146      -4488      -2157      -1218      -1237      -6488      -3025      -2810      -3990      -3677      -1328      -3775      -2158      -4400      -5884      -7276      -2091      -4245      -2969      -4359      -5025      -5040      -2987      -4218      -3026      -4393      -1847      -3809      -3271      -2698      -2540     -424.5      -3618      -1989      -4121      -2222      -2550      -1577      -1968      -1867      -5248      -1472     -67.79      -1301      -5264      -6706      -5772      -2401      -5388      -5397      -4266      -4944      -4802      -3595      -4368      -5072      -4601      -5311      -4243     -963.9      -4025      -3555      -2594      -2783      -3399      -2394      -2496      -5287      -3255      -3411      -3117      -3265      -3032      -3842      -3712      -3588      -3041      -3665      -1827      -2812
      -2483      -3398      -3380      -2994      -4750      -3476 -1.686e+04      -3245      -3244      -3478      -6671      -3698      -3632      -3249     -979.3      -6085      -1314      -2808      -3979      -3189      -4274      -3072      -3889      -4557      -3196      -3015      -3436      -1936      -1688      -1093      -3394      -3365      -3227      -2445      -2712     -701.2      -2306      -1136      -2498      -5019      -2640      -2020      -5060      -3236      -4148      -4464      -4338      -2893      -3486      -3653      -1641      -1727      -2823      -2984      -2501      -2704      -1592      -5554      -2087      -3073      -2398      -2782      -2260      -1601     -792.1      -3739      -1867     -460.3      -1376      -1669      -4173      -2462      -1203      -2265      -3680      -3151      -2474      -2216      -2763      -2090      -2819      -4199      -3961      -3606       -611      -3819      -4586      -2100      -2017      -3016      -2410      -1365      -1900      -1809      -2030      -1960      -2036      -1916      -2454      -2355      -3389      -2375      -2750      -1208      -2388
      -4382      -3817      -3782      -3745      -4596      -4534      -3245  -2.36e+04      -2503      -4321      -2943      -5331      -4205      -4485      -1718      -5839      -4882      -4483      -3033      -4627      -5192      -4522      -2373      -4057      -3352      -3442      -3833      -2117      -1313      -1039      -4689      -3999      -3406      -4242      -3263      -1879      -4016      -1901      -4294      -4495      -3091      -1754      -2774      -1361      -3625      -4346      -3341      -2778      -2827      -2024      -4547      -1750      -2330      -2623      -2752      -1863     -530.9      -5461      -1663      -3222      -2836      -2053      -1815      -1607      -1166      -3408      -1580     -780.3      -1862      -1742      -1466      -4067      -2527      -2367      -3040      -3241      -3460      -4708      -4443      -2287      -3148      -4615      -3412      -2842      -1037      -3689      -3682      -2495      -2278      -3355      -2486      -1406      -4583      -4675      -2496      -3910      -2395      -3420      -2919      -2439      -3247      -2785      -2517      -1788      -2668
      -5739      -6137      -9800 -1.187e+04 -1.482e+04      -3255      -3244      -2503 -5.854e+04      -5678      -9260      -8178 -1.034e+04      -9419      -4173      -9562      -5832      -5591      -8075      -5219      -4866      -4449      -5799      -5233      -4686      -4289 -1.068e+04      -4208      -2166      -1195 -1.112e+04      -5345      -4278      -2732      -2415      -4206      -6639      -2276      -6126      -7111      -4679      -1425      -2650      -8632      -4376      -4094      -7714      -4860      -8161      -5295      -6058      -1987      -4046      -4036      -2716      -2442      -1649      -3116      -2296      -3952      -3063      -2598      -2424      -1935      -2102      -5970      -2755      -1862      -2457      -6307      -9275      -3310      -3616      -5106      -4441      -4925      -2188      -4056      -5001      -3477      -8226      -5818      -2087      -3968      -2143      -4224      -5236      -3830      -5969      -4204      -2810      -2829      -5323      -6674      -7722      -4788      -4344      -4753      -3547      -3356      -3628      -2897      -4757      -2960      -4571
      -6305      -6410      -6758 -1.196e+04      -6212      -4935      -3478      -4321      -5678  -8.23e+04  -1.87e+04      -8510      -6071 -1.061e+04      -5299      -8550      -5624 -1.332e+04      -6900      -6771      -9929      -3941      -7854      -7520      -4539      -5096      -3814      -4228      -1524      -2006      -5730      -6334      -4284      -3205      -3708      -3441      -6065      -6101      -6694      -7681      -2701      -5412      -7970      -2346      -3350      -5053     -954.2      -4370      -2034     -941.8      -4156      -2942      -5074      -4837      -4159      -3767      -1180      -5759      -2832      -3890      -3753      -1928      -3707      -1436      -2095 -1.021e+04      -2568       -871      -2049     -354.3      -4865 -1.007e+04      -3174      -5439      -6121      -4378      -2707      -3103      -4457      -5196      -8043      -7106      -1860      -2706      -1052      -4567      -3912      -3988      -2695      -4640      -3530      -2261      -4071      -6725      -5926      -7547      -1155      -4738      -4283      -2480      -3062      -2598      -2684      -3314      -2007
      -2216       -664      -6238      -5215      -9663      -6767      -6671      -2943      -9260  -1.87e+04 -1.685e+05  -1.18e+04 -1.831e+04 -2.751e+04      -7327 -1.339e+04  -1.49e+04 -2.706e+04 -1.973e+04      -9016 -1.057e+04      -8678      -6201 -1.425e+04      -6440      -7695      -6250      -1198      -1037     -717.9      -7193      -5325      -2352      -5837      -6754      -5958      -4439      -3894      -7435 -2.073e+04 -1.237e+04 -1.149e+04      -7848      -4562      -7735      -8727      -7610      -5784      -2770      -5319 -1.055e+04      -3927      -5336      -6705      -3180      -3973      -1534      -6213      -3488      -9150      -3355      -3604      -3631      -1137      -2587 -2.096e+04      -4604      -2570      -3464      -5211 -1.427e+04     -518.8      -4428      -7470 -1.076e+04 -1.069e+04      -5598      -3551      -6377      -4323 -1.116e+04 -1.136e+04      -7062      -8220      -1610      -6071      -3086      -2093      -6862      -4376      -5490      -2309     -873.7      -3080      -3253      -5302      -6885      -9378      -2148      -3991      -8363      -5736      -2979      -2624      -2088
      -2071      -2488      -6196      -2398 -1.557e+04      -3899      -3698      -5331      -8178      -8510  -1.18e+04  -2.08e+05 -1.103e+04 -1.399e+04      -9745 -1.015e+04 -1.973e+04 -1.199e+04      -9166 -1.313e+04 -1.636e+04  -1.01e+04 -1.247e+04 -1.276e+04      -7606      -5023      -3073      -1433       -304     -242.3        758      -5427      -5019      -3445      -3863      -2601      -1880      -8655      -7898      -7667 -1.421e+04      -9638      -2494      -6063 -1.357e+04 -1.393e+04      -2664      -5377      -3827      -3438      -1542      -1439      -3121      -3650      -1471      -3804      -2723 -1.084e+04     -526.8      -4817      -4120      -4424      -3137      -2707      -1449      -4329      -1179      -1869      -1043      -8690      -6673      -3069      -1822      -9805      -8067      -6832      -4266 -1.152e+04      -3815      -4686      -7684      -3976      -2159      -4861      93.19      -7609      -3791      -5349      -4868      -2891      -2918      -2835      -2574      -8668      -4773      -7168      -2552      -5495      -1868      -1667      -3683      -3301     -287.1      -1966      -2246
      -3603      -6294 -1.705e+04      -6394      -8880      -4979      -3632      -4205 -1.034e+04      -6071 -1.831e+04 -1.103e+04 -1.117e+05 -1.025e+04 -1.246e+04 -1.195e+04 -1.142e+04 -1.841e+04 -1.559e+04      -8896 -1.078e+04      -6540      -7570      -7281      -8733      -6816 -1.447e+04     -540.8      -1679     -842.6      -9721      -5711      -3964      -3222      -4991      -3966      -3549      -4265      -7578      -5455 -1.084e+04      -3186      -1711      -5228      -5673      -6103      -5680      -5019      -9950      -6023      -3867      -2737      -4103      -6240      -4482      -4866      -2329      -3310      -3255      -4894      -4001      -3117      -5637      -1836      -2785 -1.254e+04      -2563      -2667      -3287      -7038      -6727      -8202      -2743      -2786  -1.05e+04      -6835      -7039      -4644      -3979      -4545      -9774      -9683      -7416      -6164      -3224      -4497      -5564      -3016      -6000      -3177      -4714      -3668      -2757      -5784      -2666      -6761      -8365      -4813      -5263      -5301      -6687      -4091      -4668      -3771      -4220
      -2162      -1547      -1243  -1.28e+04      -5977      -3794      -3249      -4485      -9419 -1.061e+04 -2.751e+04 -1.399e+04 -1.025e+04 -1.405e+05      -9862 -3.541e+04      -9103 -1.007e+04 -1.928e+04  -1.04e+04      -7608  -1.08e+04      -7576      -9423      -6765      -5711      -4637      -1443      -3458     -150.2      -2258      -2252      -7187      -2072      -3176      -2581      -3821 -1.065e+04  -1.04e+04 -1.398e+04      -8029     -638.1     -983.3      -4261      -4718      -8775       -349      -2285      -2703      -2053      -8625      -3589      -1471      -2911      -3643      -1829     -971.5      -1387      -2397      -2043      -2423      -3688      -2425      -2596      -1552 -1.307e+04      -1955      157.2      -1638      -7113      -7353      -4494      -3865      -5203      -5938      -7373      -4572      -2658      -3743      -3503      -2166      -3020      -3207      -2978      -1486      -4719      -9025      -3582      -3443      -3810      -3193      -2344      -4678      -3591      -2265      -5327      -5656      -2634      -1777      -3700      -4120      -2175      -3021      -2032      -2575
      -2809      -1976      -1030      -3053       1165      -2399     -979.3      -1718      -4173      -5299      -7327      -9745 -1.246e+04      -9862 -9.617e+04 -1.406e+04 -1.163e+04 -2.236e+04 -1.613e+04      -6195      -5073      -6340      -6705      -4363      -5607      -3331      -9096       -986      -2251     -618.8      -4858      -4376      -3353      -3686      -4196      -1965      -5873      -2055      -4923      -4672      -4798       -703      -2462      -1358      -5693      -5038     -775.7      -4676      -3150      -2354      -5715      -1543      -7055      -4968      -1608      -2116      -3589      -3918      -2130      -4364      -3215      -3202      -3088      -1154      -1247      -6900      -2816      412.5      -1744      -7427      -5341      -1618      -1427      -2873      -1921      -5413      -2626      -9377      -5463      -3494     -215.7      -7526      -4793      -5304      -1338      -4081      -5291      -4560      -1649      -3799      -3171      -3292     -959.3      -4284      -3705 -1.075e+04      -5388      -5233      -1591      -2171      -3652      -2219      -2103      -4456      -1049
      -3377      -2005 -1.088e+04      -9690      -6544      -4593      -6085      -5839      -9562      -8550 -1.339e+04 -1.015e+04 -1.195e+04 -3.541e+04 -1.406e+04 -1.234e+05 -2.044e+04 -1.975e+04 -1.884e+04 -1.998e+04      -8169 -1.048e+04      -8360      -9508      -6133      -8185      -2390      -2398     -682.6      -1477      -2794      -2081      -4464      -3751      -4450      -2263      -7499      -4810      -7236      -5636      -7867      -1127      -1759      -5975      -4409      -4344      -7555      -4624 -1.068e+04      -4946      -7541      -4076      -5568      -6907      -3592      -3422     -950.2      -7467      -4060      -4845      -2553      -5609      -3027      -1396      -1463 -1.313e+04      -2952      -1091      -2269      -7575      -6639      -3324      -3378      -4712      -6948      -5883      -6997      -7239      -6140      -3327      -5643      -8327      -3659      -3229      -1465      -5672      -8495      -7138      -2720      -4952      -5196      -3219      -3941      -5702      -2241      -2757      -3786      -3168      -3451      -4752      -5678      -2211      -3221     -869.9      -3073
      174.9      -4019  -1.39e+04      -2868 -1.628e+04      -1196      -1314      -4882      -5832      -5624  -1.49e+04 -1.973e+04 -1.142e+04      -9103 -1.163e+04 -2.044e+04 -1.917e+05 -3.271e+04 -2.365e+04 -1.279e+04 -1.255e+04      -9494      -7878      -5696      -8983      -4027      -4677      -1224      -1185     -548.1      -2666      -8206      -2720      -2094      -5297      -1805      -3922      -7728      -5722 -1.771e+04      -8770      -5940      -3322      -8673      -6164      -5555      -3427      -3676      -4457      -6876      -5058      -4462      -5905      -5399      -3273      -3850      -4334      -4535      -3001      -8284      -5835      -3660      -3452     -845.9      -3727       -590      -4041       -927      -3149 -1.819e+04      -3500      -3883      -3801 -1.268e+04      -8206      -5406 -1.136e+04      -5762      -3308      -4864      -9107  -1.22e+04      -8744      -7592      -1678      -3968      -4106      -3540      -1425      -2348     -878.2      -4113      -8864      -4525      -5362      -1769      -3882      -6942      -2595      -4335      -3476      -4334      -3480      -3368      -2132
     -52.13      217.5      -1185      -2580      -5111     -732.8      -2808      -4483      -5591 -1.332e+04 -2.706e+04 -1.199e+04 -1.841e+04 -1.007e+04 -2.236e+04 -1.975e+04 -3.271e+04 -2.412e+05 -2.676e+04 -1.823e+04      -9104 -2.431e+04      -8850      -9528      -8884      -4429      -3996      -3570      -4355      183.7      -1156      -7595      -8686 -1.118e+04      -6431      -3610      -8483      -6571      -6129      -9095 -1.338e+04 -3.006e+04      -8819      -5529      -4093      -7773 -1.275e+04      -1002 -1.193e+04      -1302      -9913      -2209      -3017      -5011      -2963      -3292      -2578     -472.2      -2175      -2008      -7150      -2178      -1468     -363.2      -1230      949.2      -4232      -2817      -4467      -5938      -3495      -2021      -3276      -3816      -9033      -3687      -8634     -471.4      -4777      -4247      -9369 -1.491e+04      -6081      -5982      -4612      -7145      -3836      -2171      -2381      -5132      -3812      -5024      -2729      -5820      -6727      -6303      -7235      -6780      -3740      -6190      -6651      -4759      -4076      -4435      -4025
      -2482      -4207      -5871      -3067      -5879      -3032      -3979      -3033      -8075      -6900 -1.973e+04      -9166 -1.559e+04 -1.928e+04 -1.613e+04 -1.884e+04 -2.365e+04 -2.676e+04 -1.135e+05      -9392      -9799      -9517      -4834      -8695      -6203      -8666      -5417      -2008      -1469     -943.1      -2871      -6116      -4333      -2353      -3344      -3664      -7890      -5728      -6243 -1.221e+04 -1.167e+04 -1.201e+04      -1032      -2709      -5003      -5449      -6394      -3606      -4985      -3650      -1716      -3958      -3224      -6426      -1630      -3293     -363.7      -2043      -4241      -3480      -3419      -3509      -4563      -1382      -1541 -1.898e+04      -1249      -3794      -1876      -7910      -6537      -4521      -4237      -3359      -6675      -7296      -6867      -7129      -2989      -4096      -5481      -8141      -6167      -3313      -1130      -7313      -3625      -3014      -1734      -5162      -4190      -1014      -6298      -5774      -4268      -2389      -4845      -4148      -2764      -3864      -3253      -4387      -1719      -3384      -2652
      -3985      -4370      -3366      -7114      -6338      -3970      -3189      -4627      -5219      -6771      -9016 -1.313e+04      -8896  -1.04e+04      -6195 -1.998e+04 -1.279e+04 -1.823e+04      -9392 -5.828e+04 -1.222e+04      -8845      -8006      -9285      -7705      -6980      -2514      -1894      -1281     -487.9      -4621      -4688      -5542      -4522      -4269      -1738      -5306      -3614      -8145      -7722      -6493      -4142      -4726      -3556      -3949      -5083      -8331      -4578      -3774      -3481      -4763      -3220      -3783      -6178      -1809      -3032      -1222      -7743      -3038      -4425      -4072      -3842      -2411      -1029      -1022      -7332      -1345     -749.5      -1501 -1.146e+04      -4552      -5321      -4474      -5883      -4683      -4676      -8202      -3997      -4384      -4414      -6257      -7645      -4998      -4593      -2145      -4703      -4783      -3692      -2085      -2697      -3481      -2518      -6138      -7275      -6029      -6273      -4401      -3928      -3265      -3845      -3614      -3275      -2351      -1716      -3112
      -2874      -5161      -5469      -4972      -7756      -2399      -4274      -5192      -4866      -9929 -1.057e+04 -1.636e+04 -1.078e+04      -7608      -5073      -8169 -1.255e+04      -9104      -9799 -1.222e+04   -5.7e+04      -5488      -8500      -6837      -7497      -5530      -3792      -2686      -1386     -862.2      -5879      -4783      -4766      -5696      -4846      -2368      -7115      -3942      -8024      -7686      -5597      -4552      -3630      -3652      -1816      -2273      -6601      -5980      -5086      -3532      -1151      -2282      -4775      -5920      -3298      -4144      -2433      -4217      -3331      -6003      -3664      -5429      -2434      -1629      -1525 -1.036e+04      -2814      -1077      -2908      -3247      -4495      -4813      -3387      -5299      -4562      -6473      -5925      -4339      -5222      -4750      -5907      -8292      -4567      -5424       -707      -6141      -5059      -3947      -3357      -4098      -2988      -2173      -3333      -5193      -5388      -4634      -5140      -6132      -4059      -3800      -5011      -3070      -1301      -1910      -1807
      -2551      -1945      -1931      -4206      -4237      -3283      -3072      -4522      -4449      -3941      -8678  -1.01e+04      -6540  -1.08e+04      -6340 -1.048e+04      -9494 -2.431e+04      -9517      -8845      -5488 -3.611e+04      -4027      -4516      -4800      -3040      -2860      -1301      -1471      -1113      -1520      -4281      -6009      -3368      -3294      -1839      -3937      -2370      -4393      -4174      -7948      -5030      -1836      -2497      -3631      -4012      -3666      -2108      -5785      -3155      -3223      -2632      -3340      -3648      -2429      -1772      -1397      -1560      -1632      -2470      -3994      -2973      -2798      -1270      -1097      -3314      -1874     -966.4      -1913      -2922      -1580     -170.4      -2772      -8316      -5424      -4049      -5106      -3717      -3402      -1639      -1734      -2826      -1772      -2931      -2159      -3170      -3861      -2351      -3292      -2195      -2509      -2030      -2426      -3511      -3449      -3620      -3304      -2182      -3167      -1893      -2294      -2744      -2561      -2217      -2238
      -2774      -3367      -5497      -4129      -4540      -4260      -3889      -2373      -5799      -7854      -6201 -1.247e+04      -7570      -7576      -6705      -8360      -7878      -8850      -4834      -8006      -8500      -4027 -6.458e+04  -1.33e+04      -7237      -3585      -2309      -2703      -1367     -938.5      -4729      -6378      -5511      -4311      -4700      -1614      -6369      -5402      -6442      -5859      -4582      -6086      -3249      -4306      -2292      -4730      -2857      -5485      -7058      -4108      -5756      -2978      -5168      -6886      -3451      -3844      -2485      -7095      -2852      -4495      -3097      -4703      -2101      -1450      -2029      -5303      -1459      -2009      -2094      -3468      -6921      -4494      -3427      -9923      -4941      -4381      -6333      -4523      -3837      -2848      -5097      -9741      -3827      -4866      -1087      -4333      -3415      -3589      -4056      -2640      -2680      -2297      -4025      -9060      -4299      -5516      -4976      -6831      -2671      -4205      -3314      -2449      -2750      -2306      -3859
      -1877      -2912      -4211      -6919      -2441      -4268      -4557      -4057      -5233      -7520 -1.425e+04 -1.276e+04      -7281      -9423      -4363      -9508      -5696      -9528      -8695      -9285      -6837      -4516  -1.33e+04 -4.357e+04      -3792      -4858      -3229      -1159      -1310      -1173      -7063      -5361      -4519      -3947      -3989      -2084      -4372      -5280      -6111      -4075      -4494      -6302      -3887      -2938      -2843      -3729      -4703      -4445      -4483      -2709      -3323      -2185      -3062      -5591      -2191      -3239      -1697      -6023      -4406      -4421      -2242      -3375      -3462      -2229      -1747      -8215      -2964      -1746      -2295      -2878      -4618      -2707      -1949      -5845      -2417      -3899      -4803      -3668      -2827      -3724      -4342      -7656      -4954      -5232     -494.6      -4482      -5485      -2546      -3647      -3387      -3304      -2176      -4453      -4564      -4130      -3763      -1686      -4635      -3071      -4746      -4163      -2693      -2510      -1708      -3869
      -3885      -4947      -3930      -3009      -4055      -3130      -3196      -3352      -4686      -4539      -6440      -7606      -8733      -6765      -5607      -6133      -8983      -8884      -6203      -7705      -7497      -4800      -7237      -3792 -2.391e+04      -4711      -5421      -2948      -1844      -1067      -6630      -3594      -2416      -2229      -3039      -2619      -4321      -2982      -4894      -2996      -4352      -2489      -4674      -5594      -3891      -4212      -2549      -4327      -4115      -3192      -3132      -2593      -3661      -4755      -2544      -2266      -2153      -3309      -2128      -4285      -2845      -2727      -3256      -1219      -1645      -3113      -1783      -1498      -1578      -3974      -3450      -3475      -2961      -4665      -5251      -5370      -5843      -2786      -3300      -3761      -3302      -5400      -2917      -3854      -2226      -3129      -3188      -2633      -2497      -3000      -2626      -2480      -1409      -2945      -3559      -6285      -3423      -4585      -2720      -2582      -3498      -2854      -2165      -2327      -2705
      -3758      -5937      -6129      -6299      -2985      -4146      -3015      -3442      -4289      -5096      -7695      -5023      -6816      -5711      -3331      -8185      -4027      -4429      -8666      -6980      -5530      -3040      -3585      -4858      -4711 -2.118e+04      -8243      -2401     -940.4      -1145      -6063      -5443      -4873      -3224      -4189      -3042      -6145      -4687      -6701      -5290      -6705      -4801      -6631      -5628      -3389      -4829      -2150      -3951      -3107      -2734      -5273      -2567      -3841      -3992      -2472      -3655      -1348      -4503      -3678      -3698      -2830      -2883      -2866      -1879      -2237      -9387      -2520      -2173      -1702      -7316      -8422      -6932      -2891      -6429      -6128      -4668      -5883      -5987      -3772      -4162      -5311      -7255      -4190      -5207      -1353      -4441      -3107      -3485      -3345      -3681      -3470      -2244      -7372      -4988      -5405      -5088      -3451      -5584      -3714      -3700      -3825      -3125      -2148      -2203      -3252
      -3946 -1.031e+04 -1.404e+04      -9008 -1.051e+04      -4488      -3436      -3833 -1.068e+04      -3814      -6250      -3073 -1.447e+04      -4637      -9096      -2390      -4677      -3996      -5417      -2514      -3792      -2860      -2309      -3229      -5421      -8243 -1.293e+05      -3376      -3332      -1669 -4.296e+04      -7499      -5242      -5900      -3986      -5413      -8451      -2596  -1.01e+04 -1.079e+04 -1.387e+04      -6659      -5635      -3800      -8069 -1.064e+04      -2427      -5993      -1150      -1524      -6980     -756.3      -3247      -5500      -4416      -4434      -1494      -7123      -4969 -1.401e+04      -1677      -4750      -7619      -2937      -4389      -4065      -1982      -2535      -3341      -4501 -1.278e+04 -1.102e+04      -4130      -8821 -1.098e+04      -7719      -5255 -1.356e+04      -5455      -8536 -1.326e+04      -3940      -5117      -5834      -5800      -6270      -4341      -4609      -8884      -4025      -3931      -3373      -8094      -8260      -3640      -2826      -4213     -981.4      -6100      -4014      -3393      -5899      -5448      -3287      -4214
      -2521      -4059      -2431      -3292      -2407      -2157      -1936      -2117      -4208      -4228      -1198      -1433     -540.8      -1443       -986      -2398      -1224      -3570      -2008      -1894      -2686      -1301      -2703      -1159      -2948      -2401      -3376 -2.015e+04      -5524      -2189      -2162      -1279      -2540      -2445      -1444      -1126      -2744      -1741      -3666      -3386      -1967      -2259      -2252      -3054      -4011      -4861      -1852      -3399      -5005      -2794      -1313      -1515      -3788      -3453      -2029      -2254      -1236      -2945      -1828      -3655      -1486      -1923      -2214      -1875      -1173      -3692      -1582     -321.8      -1500      -1908      -1175      -2917      -1501      -1188      -1334      -1173      -1975      -1471      -1803      -2953      -1708      -1010      -2586      -2693      -1567      -1853      -3123      -1355      -2722      -2532      -1485      -1504      -3219      -1857      -2225      -2543      -2576      -2827      -2249      -2154      -1561      -2055      -1468      -1629      -2517
      -2003      -2723      -1707      -2140      -1021      -1218      -1688      -1313      -2166      -1524      -1037       -304      -1679      -3458      -2251     -682.6      -1185      -4355      -1469      -1281      -1386      -1471      -1367      -1310      -1844     -940.4      -3332      -5524  -1.09e+04       -447      -1194     -695.2      -1640      -2306      -1645      -1459      -1862      -1051      -2080      -2421     -618.9      -2092      -4489      -1218      -2252      -2154      -1457      -1755      -3391      -1231      -1806     -989.3      -1130      -1554      -1367      -1628      -1019     -701.5      -1051      -2214     -685.1      -1621      -1571     -925.5      -1105      -2097      -1298     -783.8       -824      -2352      -2737      -1994     -822.2      -1122      -1646      -1929      -1769      -2213      -1060      -2249     -909.7     -458.4      -2942      -1722      -1614      -2141      -1672      -1349     -404.5      -1435       -841      -1062      -1870      -1583      -1365     -717.5      -1360      -1927      -1995      -1575     -808.6      -1392      -1182      -1233      -1429
      -2396      -1535      -2161     -698.2      -2152      -1237      -1093      -1039      -1195      -2006     -717.9     -242.3     -842.6     -150.2     -618.8      -1477     -548.1      183.7     -943.1     -487.9     -862.2      -1113     -938.5      -1173      -1067      -1145      -1669      -2189       -447      -4209      -1389      -1485      -1595      -1433      -1295     -751.6      -1071     -832.4      -1042      -1034      -1441      -1245      -2008      -1595      -2421      -1384      -1483      -1303      -1539      -1799      -1254      -1160      -1693      -1471      -1088      -1216     -416.9      -1518      -1010      -1085      -1233      -1118      -1042      -1074     -594.4      -3123     -560.8     -278.7     -224.9      -1568      -1557      -1763     -673.3     -606.6     -964.9     -548.1      -1119      -1586      -1377      -1404      -1147      -1702     -685.9      -1298     -702.2      -1166     -890.5     -964.2     -976.4      -1275      -1180      -1301      -1339      -1742      -1386      -1577     -710.9      -1502      -1210     -968.8      -1470      -1353      -1587     -832.1      -1402
      -6500      -4217 -2.142e+04      -9116      -6435      -6488      -3394      -4689 -1.112e+04      -5730      -7193        758      -9721      -2258      -4858      -2794      -2666      -1156      -2871      -4621      -5879      -1520      -4729      -7063      -6630      -6063 -4.296e+04      -2162      -1194      -1389 -9.625e+04      -7776      -5286      -4688      -5752      -6319      -7857      -3682      -7739      -9129      -8930      -6402      -7695      -9655      -5047      -5772      -4205      -7160      -2327      -3837      -4237      -3329      -3291      -3437      -4410      -2835     -612.1      -6078      -2656      -8076      -3593      -3026      -4925      -2662      -4513      -9762      -2182      -1338      -2781      -5307  -1.62e+04 -1.309e+04      -3056 -1.192e+04      -4464      -8526      -7866      -6940      -5607      -5978 -1.337e+04      -4760      -2459      -3407      -2512      -4594      -3919      -2824      -6181      -5770      -3005      -2193      -6943      -6426      -9146      -6695      -4521      -3646      -2349      -6394      -4462      -3408      -5298      -3080      -4844
