
54

(((((((Molgula_te:0.1191738944,Ciona_inte:0.0836664625):0.09511891095,((((((Ornithorhy:0.0214355385,(Mus_muscul:0.0129629226,Homo_sapie:0.0093612727)'B(0.616,1.646,0.001,0.025)':0.01561343905)'B(1.649,2.015,0.001,0.025)':0.01256527455,Gallus_gal:0.0186266323)'B(3.18,3.329,0.001,0.025)':0.01966761911,Xenopus_tr:0.0427907173)'B(3.37,3.51,0.001,0.025)':0.007827539431,Danio_reri:0.0432593176)'B(4.207,4.537,0.001,0.025)':0.01018373571,Leucoraja_:0.0559428001)'B(4.207,4.684,0.001,0.025)':0.02423571035,(Petromyzon:0.0453566550,Eptatretus:0.0834190765)'B(3.585,6.361,0.001,0.025)':0.02441532877)'B(4.575,6.361,0.001,0.025)':0.03357508639)'B(5.14,6.361,0.001,0.025)':0.01589766741,Branchiost:0.1139002810)'B(5.14,6.361,0.001,0.025)':0.01162084381,((Xenoturbel:0.0980745594,Symsagitti:0.3213951268):0.03943982222,((Patiria_pe:0.0724147700,(Strongyloc:0.0874927140,Holothuria:0.0864899520):0.0167588728):0.04079069641,(Ptychodera:0.0466181716,Saccogloss:0.0530204035)'B(5.045,6.361,0.001,0.025)':0.04107552912)'B(5.155,6.361,0.001,0.025)':0.0152187881)'B(5.155,6.361,0.001,0.025)':0.009219282204)'B(5.155,6.361,0.001,0.025)':0.006243590942,((((((((Daphnia_pu:0.1045510837,(((Rhodnius_p:0.1195299030,Tribolium_:0.0677164941)'B(3.055,4.136,0.001,0.025)':0.01354252225,Gryllus_bi:0.0741289363):0.04111678045,Onychiurus:0.1522853540):0.01934310583)'B(4.99,5.3122,0.001,0.025)':0.01850339374,Litopenaeu:0.1786244706)'B(5.14,5.3122,0.001,0.025)':0.02692990962,Scutigera_:0.0560056068)'B(5.14,5.3122,0.001,0.025)':0.0009024878909,(Anoplodact:0.1039655982,(Acanthoscu:0.0930139655,Ixodes_sca:0.1226015704)'B(4.16,5.3122,0.001,0.025)':0.03206366617)'B(4.975,5.3122,0.001,0.025)':0.01127195081)'B(5.14,6.361,0.001,0.025)':0.0182194961,Euperipato:0.0849593240)'B(5.2882,6.361,0.001,0.025)':0.01198732832,Caenorhabd:0.2900294174)'B(5.2882,6.361,0.001,0.025)':0.005147321741,Priapulus_:0.1583747594)'B(5.2882,6.361,0.001,0.025)':0.0148249359,((Flaccisagi:0.0374604917,Spadella_c:0.0631733448):0.1066181744,(((Euprymna_s:0.1312824106,((Mytilus_ga:0.0783215021,Crassostre:0.0588131518):0.03454910459,(Aplysia_ca:0.1155446214,Lottia_gig:0.1051137670)'B(4.702,5.49,0.001,0.025)':0.02077341015)'B(5.30,5.49,0.001,0.025)':0.01107424691)'B(5.34,5.49,0.001,0.025)':0.01687013963,(((Capitella_:0.0795643997,Pomatocero:0.0598533580):0.01624817998,Alvinella_:0.0851100524):0.01565859784,(Helobdella:0.1011589121,Tubifex_tu:0.0677300379):0.03590570029)'B(4.765,6.361,0.001,0.025)':0.0251035574)'B(5.34,6.361,0.001,0.025)':0.01341304504,(Brachionus:0.1493475948,Philodina_:0.1855396738):0.08547284367):0.0122342324):0.003524522393)'B(5.5285,6.361,0.001,0.025)':0.01412235033)'B(5.5285,6.361,0.001,0.025)':0.02207933627,((Acropora_m:0.0770247918,(Anemonia_v:0.0683515446,Nematostel:0.0613875553):0.02177221707):0.03946261165,(Hydractini:0.0571042541,Hydra_magn:0.0929406251):0.1027229525)'B(5.29,6.361,0.001,0.025)':0.02377959026)'B(5.5285,6.361,0.001,0.025)':0.03540490293,(Suberites_:0.1064486231,Amphimedon:0.1191573853):0.06564152551,Trichoplax:0.1743965089);

  0.0354049   0.0220793  0.00624359   0.0116208   0.0158977   0.0951189    0.119174   0.0836665   0.0335751   0.0242357   0.0101837  0.00782754   0.0196676   0.0125653   0.0214355   0.0156134   0.0129629  0.00936127   0.0186266   0.0427907   0.0432593   0.0559428   0.0244153   0.0453567   0.0834191      0.1139  0.00921928   0.0394398   0.0980746    0.321395   0.0152188   0.0407907   0.0724148   0.0167589   0.0874927     0.08649   0.0410755   0.0466182   0.0530204   0.0141224   0.0148249  0.00514732   0.0119873   0.0182195 0.000902488   0.0269299   0.0185034    0.104551   0.0193431   0.0411168   0.0135425     0.11953   0.0677165   0.0741289    0.152285    0.178624   0.0560056    0.011272    0.103966   0.0320637    0.093014    0.122602   0.0849593    0.290029    0.158375  0.00352452    0.106618   0.0374605   0.0631733   0.0122342    0.013413   0.0168701    0.131282   0.0110742   0.0345491   0.0783215   0.0588132   0.0207734    0.115545    0.105114   0.0251036   0.0156586   0.0162482   0.0795644   0.0598534   0.0851101   0.0359057    0.101159     0.06773   0.0854728    0.149348     0.18554   0.0237796   0.0394626   0.0770248   0.0217722   0.0683515   0.0613876    0.102723   0.0571043   0.0929406    0.174397   0.0656415    0.106449    0.119157

   0.0401102   -0.0049178    0.0631874     -0.11213   -0.0132545   -0.0111485   0.00782126  -0.00833074  -0.00973998    -0.056127      0.14094     0.133733   -0.0159073   -0.0932894  -0.00598532    0.0919604    0.0123654     0.135286 -0.000127309     0.041474    0.0443633    0.0176712  -0.00283025 -0.000375839  -0.00853381   0.00194752     0.190441   -0.0177726  -0.00170199  0.000251371   -0.0386811    0.0437811    0.0163204   -0.0662498   5.7634e-06   0.00763955    0.0227914    0.0144301  -0.00857067    0.0372993   0.00293177     0.175499    0.0232309     0.128562      0.24629    0.0207269    -0.125167   -0.0349015    -0.145419   -0.0766341   -0.0722799   -0.0193829   -0.0230806  -0.00793935   -0.0251111   -0.0300267   0.00111961     0.069483   0.00520479  -0.00366638   -0.0074718 -0.000286669    0.0159929  0.000967586   0.00229657     0.278749    -0.208526   -0.0684824 -0.000332064    0.0653681    0.0121899    -0.030252   -0.0041511   -0.0629597 -0.000981194   0.00758027   -0.0104076    0.0147137 -0.000148129    0.0129182    0.0226451    0.0444225    -0.265576 -0.000220448 -9.98597e-05     0.015676   -0.0155235   0.00572552   -0.0152941 -0.000772543  -0.00639866   0.00577398  -0.00704419   0.00594417   0.00185975    0.0448368    0.0218826  -0.00876854 -0.000400347   0.00572651  -0.00609294   0.00164428  -0.00784781  -0.00203621  0.000606772


Hessian 

-43186.1 -8839.11 -6873.02 -5418.45 -3674.22 -6413.05 -2482.73 -4381.82 -5739.39 -6305.25    -2216 -2070.58 -3603.03 -2161.96 -2809.45 -3376.75  174.973 -52.0775  -2481.9  -3985.2 -2873.83 -2550.66 -2774.21 -1876.74 -3885.29 -3757.91 -3946.17 -2520.72 -2003.47 -2396.31 -6500.32 -4702.68 -3017.26 -3215.71 -4409.92 -1515.48 -3628.93  -2062.9 -4017.35 -4988.91 -8872.01 -5950.95 -7859.11 -5825.08 -2745.99 -3547.64    -5255 -5083.91 -6657.09 -3192.67 -3217.87  -2297.1 -3669.23 -2758.27 -4052.33  -2446.6  -380.31 -3146.78  -1003.3 -2975.46 -3469.26 -3226.31 -1631.45 -2238.25 -1752.14 -7757.92 -2788.13  -1764.5 -2057.02 -2252.74 -6129.27 -7467.83 -2281.37 -4782.97 -3924.64 -4584.12 -4108.36 -5329.85 -4210.46 -3179.74 -4486.47 -4820.42 -1693.05 -2398.19 -920.981 -3676.19 -4963.39 -3807.53 -2865.98 -4191.11 -2960.59 -2508.93 -5173.73 -5032.02 -4846.12 -4187.91 -4190.77  -3651.8 -4127.01  -3345.5 -2971.83 -4520.27 -6065.23 -3566.47 -3520.66
-8839.11 -79529.9 -8216.17 -3957.97 -11269.8 -5935.34 -3398.47 -3817.42 -6136.96 -6409.57 -663.953 -2487.89 -6293.68 -1546.86 -1975.72 -2004.55 -4018.46  217.333 -4206.56 -4369.84 -5160.96 -1945.48 -3366.98 -2912.22 -4947.02  -5936.9 -10309.3 -4058.71  -2723.1 -1534.88 -4217.59 -4636.61  -3562.4 -6597.44  -3685.6 -2780.74 -2905.63 -1122.05 -4106.71 -7023.69 -3919.26 -7616.44 -9623.79   -14308 -6354.46 -8889.78 -9129.12 -4505.23 -6232.69 -3972.98  -4054.3 -1660.83 -3534.94 -5219.12 -2532.78 -3393.89 -1033.31 -3800.64 -4277.54 -3652.83 -1727.66 -3357.33 -3704.18 -1690.32    -2034 -11018.2 -1636.12 -2160.83    -1856  -8024.6 -9410.24 -9619.37 -1678.16 -6500.36 -4380.45 -5278.46 -3037.78 -3257.15 -2978.17 -3389.64 -9088.82 -7873.59  -3038.2 -4340.33 -2463.91 -4322.86 -4409.77 -3680.75 -3385.01 -4095.85 -3742.04 -2788.33 -13989.6 -8120.78  -6251.4 -6132.96 -4362.91 -5386.34 -2865.21 -2075.54 -5318.83 -3569.82  -3964.6 -2316.26 -2993.43
-6873.02 -8216.17  -215972 -16270.3 -15001.1 -6966.91 -3379.64 -3782.46 -9800.66 -6758.11 -6237.61 -6196.39   -17048 -1242.71 -1030.51 -10880.4   -13902 -1184.98 -5871.44 -3365.77 -5469.13 -1931.26 -5496.64 -4211.23 -3930.47 -6129.07 -14045.3 -2431.33 -1707.32 -2160.74 -21420.7 -7296.21 -8096.86 -9465.07 -4147.57 -5906.04  -3325.8 -3465.96 -7803.95 -22429.7 -4087.97 -3546.34 -6514.56 -5800.01 -8182.04 -9087.25 -8751.85  -6227.2 -6336.52 -6385.62 -4484.59 -2705.06 -100.812 -3117.79 -1323.35 -2808.06 -2218.59 -1528.96 -3881.36 -2860.26 -2673.19 -3847.31 -6373.45  -2532.2 -2608.77 -14761.2 -1111.93  -755.27  -1749.7 -11379.2 -33517.4 -8461.28  -3252.6 -15263.6 -4881.04 -5765.15 -5281.69 -11215.5  -5554.3 -4751.26 -5157.81 -5403.76 -4150.41 -5340.37 -1958.18 -4751.14 -6406.18 -2505.36 -6867.92 -3361.62 -2201.44 -2308.94 -5358.58  -7537.4 -6978.92 -8969.24 -3506.49 -8002.23 -2889.01 -2784.64 -1763.95 -7111.66 -6658.57 -4372.76  -6152.5
-5418.45 -3957.97 -16270.3  -137876 -13279.5 -4532.75 -2993.59 -3744.88 -11869.5 -11955.9 -5214.62 -2397.79 -6394.07   -12798 -3052.56 -9690.05 -2868.19 -2579.76 -3067.11 -7113.87 -4971.53 -4205.94  -4129.2 -6919.01  -3009.1 -6298.94 -9008.23 -3292.23 -2139.38 -698.142 -9116.08 -3581.51 -5904.27 -8987.66 -6096.88 -3957.08 -6825.08 -6517.17 -6184.37 -6482.78   -14120 -4076.51 -6934.52 -8583.62 -3608.71 -3599.65 -1186.53 -5628.67 -4858.48 -2924.39 -8881.64 -4725.69 -3598.42 -4482.14 -980.518 -3699.92 -1030.67 -12472.8 -5033.09 -5479.93 -2663.37 -1577.16 -2400.81 -1495.57 -2429.28 -3581.67 -4744.86  -1658.8 -3122.19 -7313.53 -8180.12 -11032.6 -3381.59 -3646.05 -3730.32 -6116.76 -2433.44 -1103.79 -3970.34 -3711.92 -9766.67 -6463.32 -9702.89 -3679.93 -2562.76  -1653.9 -4115.66 -4416.81  -4511.5 -3097.27    -3438 -1710.89 -10056.1    -4386 -6331.27 -4348.32 -4233.48 -4404.22 -4844.31 -8493.85 -3181.11 -5535.79 -7351.77 -1974.42 -3451.67
-3674.22 -11269.8 -15001.1 -13279.5  -104632 -4659.96    -4750 -4596.11 -14823.4 -6211.85 -9663.08   -15566 -8880.29 -5977.04  1164.53 -6543.81 -16283.4 -5111.74 -5878.82 -6338.29 -7756.26 -4237.18 -4539.89 -2440.83 -4055.47 -2984.91   -10508 -2407.24  -1021.3 -2151.55 -6435.58 -8822.61 -4309.21 -8713.25 -6766.67 -2160.42 -4441.96 -5194.52 -5007.77 -8714.44 -8913.05  -5754.6 -3534.11 -8716.46 -5844.38 -6429.56 -6500.34    -3630 -8018.54 -7523.17 -5414.93 -1838.08 -4301.84 -3245.18 -2596.11 -4274.71 -1778.58 -6960.66 -2988.32 -3936.34 -1944.95 -3564.94 -5126.87 -1921.52  -1927.1 -2358.46 -2442.91 -1977.22 -2607.74 -5649.59  -5959.1 -8749.15 -2829.42 -5939.93 -9699.95 -7131.28 -4361.63 -4984.35 -3956.01  -4826.2  -6210.3 -6965.79 -3852.84  -4324.5 -4661.86 -2729.52 -7288.21 -4428.15 -2876.74 -3753.88 -2583.01 -2085.32 -6818.22 -4380.93 -7848.11 -2180.01 -6356.96 -1584.95 -4418.15 -3304.55 -4165.82 -3605.95  -4437.6 -2187.24 -3686.35
-6413.05 -5935.34 -6966.91 -4532.75 -4659.96 -20789.1 -3476.44 -4533.73 -3254.63 -4934.85 -6767.15 -3899.43 -4978.98 -3794.05 -2398.74 -4593.31 -1195.97 -732.822 -3032.03  -3969.9 -2399.15 -3283.21 -4260.35 -4267.93 -3129.74 -4145.69 -4488.67 -2156.53 -1217.51 -1236.56 -6487.63 -3025.23 -2810.19 -3989.65 -3676.94 -1328.12 -3775.18 -2157.68 -4400.42 -5883.64 -7275.56 -2090.47 -4244.85 -2969.36 -4359.27 -5025.26 -5039.52 -2986.75 -4217.91 -3026.02 -4392.45  -1846.7 -3808.65 -3271.38 -2697.94 -2539.91 -424.531 -3618.25 -1988.96 -4120.91 -2222.47  -2550.2 -1576.58 -1968.35 -1867.46 -5248.09 -1471.68 -67.8115 -1301.05 -5264.26 -6706.47 -5771.82 -2401.39 -5388.23  -5397.1  -4266.5 -4944.27 -4801.76 -3594.85 -4367.73 -5072.28 -4600.95 -5310.15 -4242.55 -963.844 -4024.68 -3554.69 -2593.88  -2782.5 -3399.49 -2394.16 -2496.34  -5287.4 -3255.05 -3411.24 -3117.09 -3264.77 -3031.74 -3841.95  -3712.1 -3587.72  -3041.1 -3664.58 -1827.21 -2811.91
-2482.73 -3398.47 -3379.64 -2993.59    -4750 -3476.44 -16578.8 -3245.14  -3243.8 -3477.79 -6671.81 -3698.09 -3631.59 -3248.54 -979.317 -6085.06 -1314.26 -2808.17 -3978.73 -3189.29 -4274.07 -3072.41 -3889.47 -4557.26 -3195.63 -3015.05 -3436.12 -1936.37 -1687.82 -1092.53  -3394.1 -3365.41 -3226.72  -2444.8 -2711.68 -701.173 -2306.22  -1135.6 -2498.02  -5019.2 -2640.46  -2020.4 -5059.64 -3236.35 -4148.24 -4463.82 -4337.91  -2893.4 -3485.92 -3652.82 -1641.28 -1727.07 -2822.68 -2984.16 -2501.26 -2703.73 -1592.09 -5554.15 -2087.01 -3072.92 -2398.41 -2781.96  -2260.4  -1601.1 -792.146 -3739.76 -1866.55 -460.297 -1375.98 -1668.86 -4172.61 -2462.28 -1203.23 -2265.24 -3680.33 -3151.38  -2474.3 -2215.91 -2762.93 -2090.32 -2819.35 -4199.32  -3960.6 -3605.69 -610.985 -3818.61 -4586.07 -2100.33 -2016.55 -3016.51 -2410.16 -1364.77 -1899.78 -1809.03    -2030 -1960.41 -2035.79 -1916.32 -2454.39 -2355.03 -3388.98 -2374.59 -2750.36 -1208.49 -2388.21
-4381.82 -3817.42 -3782.46 -3744.88 -4596.11 -4533.73 -3245.14   -23093 -2502.99 -4321.02  -2943.2 -5330.91 -4204.65 -4484.83 -1717.77 -5838.72 -4881.65 -4482.89 -3032.63 -4627.25 -5191.62  -4521.6 -2373.29 -4057.14 -3351.56 -3441.63 -3833.06 -2116.62 -1313.09 -1039.16 -4688.79 -3999.17 -3405.73 -4242.36 -3262.72 -1878.69 -4016.38  -1901.3 -4294.45 -4495.42  -3090.7  -1753.8 -2774.06 -1361.42 -3625.19 -4345.82 -3341.26  -2777.7 -2827.02 -2024.41  -4547.2 -1750.41 -2329.96 -2623.02 -2752.14 -1862.76 -530.847  -5461.3 -1662.92 -3222.05  -2836.1  -2052.7 -1815.26    -1607 -1166.35 -3408.62 -1579.45 -780.312 -1862.43 -1742.18 -1465.58 -4067.28 -2527.08 -2367.06 -3039.85 -3240.54 -3460.07 -4708.34 -4443.37 -2287.19 -3148.38 -4615.06 -3411.73 -2842.11 -1037.28 -3688.54 -3682.24 -2494.97 -2278.48 -3355.04 -2485.73  -1406.3 -4582.94 -4675.12  -2495.7 -3910.16 -2394.99 -3420.35 -2918.66  -2439.3 -3246.71 -2784.77 -2517.13 -1788.04 -2667.96
-5739.39 -6136.96 -9800.66 -11869.5 -14823.4 -3254.63  -3243.8 -2502.99 -58552.1  -5677.8 -9260.78 -8178.62 -10335.1 -9418.48  -4172.7 -9562.04 -5831.68 -5591.66 -8074.59 -5219.47 -4865.84 -4448.68 -5798.64  -5233.3 -4686.22 -4289.19 -10682.7 -4207.56 -2165.53 -1194.64 -11115.8 -5344.63 -4277.56 -2732.28 -2415.25 -4206.12 -6639.24 -2276.08 -6125.45 -7111.04 -4678.85 -1424.68 -2650.13 -8632.24 -4375.65 -4093.87 -7713.63 -4859.68 -8160.74 -5294.95  -6058.2 -1986.49 -4045.85 -4035.67 -2716.46 -2441.93 -1649.01 -3115.99 -2296.37 -3952.23  -3062.9  -2598.3 -2423.52 -1935.49 -2101.94 -5969.78 -2754.59 -1862.09 -2457.42  -6306.7 -9274.98 -3309.69 -3616.13 -5106.33 -4440.55 -4924.64 -2188.05 -4055.95 -5000.93 -3476.84 -8226.02 -5817.99 -2087.17 -3968.14 -2142.71 -4223.99 -5236.41 -3829.73 -5969.42 -4204.01 -2810.22 -2829.47 -5322.82 -6673.71 -7722.35 -4788.03 -4344.12 -4753.28 -3547.39 -3355.66 -3628.48 -2897.37 -4756.94 -2959.64 -4571.46
-6305.25 -6409.57 -6758.11 -11955.9 -6211.85 -4934.85 -3477.79 -4321.02  -5677.8   -82504 -18697.1 -8510.37 -6070.83 -10607.7 -5298.58 -8550.31 -5624.06 -13317.4 -6900.51 -6770.71 -9929.34 -3941.14 -7854.19 -7519.95 -4538.49 -5096.15 -3814.26 -4228.15  -1524.4  -2005.8 -5730.23 -6333.59 -4284.07 -3204.38 -3708.42 -3441.03 -6065.27 -6101.05 -6693.82 -7681.35 -2701.12 -5412.05 -7969.38 -2346.11  -3349.5 -5052.73 -954.178 -4369.69 -2033.74 -941.754  -4155.4    -2942 -5073.63 -4836.71 -4158.91 -3767.21 -1180.35 -5759.17 -2831.58 -3890.11 -3752.96 -1927.78 -3707.28 -1435.53 -2095.25 -10214.5 -2567.71 -870.956 -2049.32  -354.37 -4864.71 -10067.3 -3174.06  -5438.9 -6120.45    -4378 -2706.56 -3102.63  -4456.5 -5196.25 -8043.35 -7105.59 -1860.31 -2705.52 -1051.99 -4566.69 -3911.79 -3987.55 -2694.62 -4640.14 -3530.22 -2261.09  -4071.2 -6724.97 -5925.95 -7546.86 -1155.43 -4738.28 -4283.17 -2480.09 -3061.58 -2598.09 -2683.55 -3314.21 -2007.33
   -2216 -663.953 -6237.61 -5214.62 -9663.08 -6767.15 -6671.81  -2943.2 -9260.78 -18697.1  -168640   -11805 -18308.3 -27515.2 -7327.95   -13395 -14902.4 -27059.8   -19731 -9016.88 -10573.7 -8678.41 -6201.63 -14246.1  -6439.8  -7695.3 -6250.15 -1198.17 -1036.55 -717.986 -7193.46 -5324.99  -2352.5 -5837.47 -6754.89 -5958.52 -4439.41 -3894.12 -7435.42 -20732.8 -12369.5 -11491.6 -7848.24 -4562.11 -7735.41 -8727.76 -7610.33 -5784.03 -2769.64 -5319.67   -10554 -3927.54  -5336.4 -6705.64 -3179.67  -3972.9 -1533.99 -6213.83 -3488.61 -9150.86 -3355.28 -3604.67 -3630.86 -1137.52 -2587.06 -20965.8 -4603.23 -2570.26  -3463.8 -5211.72 -14271.2 -518.844 -4428.12 -7469.58 -10762.3 -10692.8 -5597.87 -3551.67 -6377.46 -4323.41 -11159.5 -11357.2 -7062.47 -8220.78 -1609.84 -6071.39 -3086.22  -2092.9 -6862.86 -4376.37  -5490.8 -2309.13 -873.665 -3079.79 -3253.34 -5302.41 -6886.07 -9378.54 -2147.84 -3991.46 -8363.75 -5736.74 -2979.48 -2624.56  -2087.9
-2070.58 -2487.89 -6196.39 -2397.79   -15566 -3899.43 -3698.09 -5330.91 -8178.62 -8510.37   -11805  -208611 -11033.3   -13988 -9745.74 -10154.1 -19727.5   -11990 -9165.85 -13126.7 -16359.4 -10096.6 -12470.7 -12762.9 -7606.49 -5023.54 -3072.55 -1432.92 -304.015 -242.298  758.014 -5426.82 -5019.02 -3444.83 -3863.26 -2601.25 -1880.37 -8655.33 -7898.23 -7666.83 -14206.7 -9638.34 -2494.46 -6063.18 -13573.1 -13928.8 -2664.07 -5376.73 -3827.05 -3437.99 -1541.87 -1438.58 -3121.46 -3650.61 -1471.03 -3803.97 -2723.52 -10843.5 -526.783 -4817.65 -4120.23 -4424.57 -3137.05 -2706.65  -1449.1 -4328.84 -1178.59 -1868.57 -1042.59 -8690.91 -6672.48 -3068.61 -1822.09 -9805.29 -8067.11 -6832.33 -4265.74 -11525.6 -3815.32 -4686.21 -7684.56 -3975.89 -2158.86 -4861.63  93.1805 -7609.75 -3791.61 -5348.91 -4867.83 -2891.56 -2918.29 -2834.99 -2574.13 -8668.25 -4772.98  -7168.5 -2552.34 -5495.83 -1867.78 -1667.16 -3683.02 -3300.78 -287.101 -1965.89 -2245.87
-3603.03 -6293.68   -17048 -6394.07 -8880.29 -4978.98 -3631.59 -4204.65 -10335.1 -6070.83 -18308.3 -11033.3  -111879 -10253.3 -12461.3 -11948.8   -11419   -18415 -15588.6 -8896.53 -10776.8 -6539.84 -7570.48 -7281.37 -8733.24 -6815.55 -14466.3  -540.77 -1678.65 -842.556 -9721.61 -5711.38 -3964.14 -3221.91 -4990.75 -3966.38 -3548.61 -4264.84 -7578.36 -5454.52 -10836.1 -3186.43  -1711.6 -5228.33 -5672.54    -6103 -5679.95    -5019 -9949.49 -6022.36 -3866.81 -2737.38 -4103.26 -6240.02 -4481.59 -4865.81  -2328.9 -3310.29  -3254.6 -4893.56 -4000.88 -3117.09 -5637.05 -1835.73 -2784.66 -12543.2 -2563.22  -2666.5 -3287.27 -7037.92 -6727.36 -8202.36 -2743.02 -2786.39 -10502.9 -6835.39 -7038.48 -4644.06 -3978.63 -4545.18  -9773.8 -9682.98 -7416.08 -6164.27 -3223.88  -4497.3 -5563.53 -3016.04 -5999.83 -3176.53 -4713.87 -3667.96 -2757.45 -5783.73 -2666.39 -6761.42 -8364.79 -4813.43 -5262.98    -5301  -6687.2 -4091.06 -4667.68 -3770.82 -4220.45
-2161.96 -1546.86 -1242.71   -12798 -5977.04 -3794.05 -3248.54 -4484.83 -9418.48 -10607.7 -27515.2   -13988 -10253.3  -140720 -9861.98 -35406.9 -9103.13 -10067.4 -19274.4 -10395.9 -7607.79 -10801.9  -7575.3 -9422.67 -6764.49 -5711.11 -4637.29 -1442.75 -3457.41 -150.254 -2257.79 -2252.16 -7187.02 -2071.84 -3175.86 -2580.75 -3821.28 -10651.6 -10404.2 -13980.2 -8028.57 -637.877 -983.191 -4260.62 -4717.28 -8774.39 -349.142 -2285.42 -2702.64 -2052.74 -8624.38 -3588.51 -1471.17 -2910.82 -3642.64 -1829.22 -971.464 -1386.88 -2397.46  -2043.4 -2423.14 -3687.42 -2425.18 -2595.93 -1552.02 -13067.8 -1954.72  157.131  -1637.8 -7113.24  -7352.9 -4494.46  -3865.3 -5203.18 -5938.16 -7373.17 -4571.82 -2657.71 -3742.71 -3502.96 -2165.71  -3019.9 -3206.72 -2977.56 -1485.55 -4718.63 -9024.64 -3581.62 -3442.73 -3809.88 -3192.71 -2343.55 -4677.74 -3591.16 -2265.44 -5326.66 -5655.77 -2633.69 -1776.51 -3700.01 -4119.76 -2175.03 -3020.98 -2032.17 -2574.63
-2809.45 -1975.72 -1030.51 -3052.56  1164.53 -2398.74 -979.317 -1717.77  -4172.7 -5298.58 -7327.95 -9745.74 -12461.3 -9861.98   -95888 -14061.7 -11626.5   -22361 -16125.4 -6194.94 -5073.57 -6339.52 -6705.47  -4362.6 -5607.23 -3330.97  -9096.6  -985.99 -2250.73 -618.798 -4857.91 -4376.05  -3353.4 -3686.09  -4195.9  -1965.4  -5873.1 -2055.25 -4922.59 -4672.01 -4798.28  -702.96 -2461.95 -1357.78 -5692.91  -5037.7 -775.756 -4676.13 -3149.67 -2353.87 -5714.63 -1543.19 -7055.23 -4968.34 -1608.47 -2115.67 -3588.84 -3917.96 -2129.92 -4363.57  -3214.5 -3202.16 -3087.86 -1153.57 -1247.22 -6901.52 -2815.95  412.435 -1744.11 -7426.69 -5340.99 -1617.88 -1427.33 -2872.74  -1921.3 -5413.18 -2626.18  -9377.1    -5463 -3494.44 -215.748 -7525.63 -4793.02  -5303.9 -1337.65 -4081.37 -5290.71 -4559.75 -1649.31 -3798.51 -3171.17 -3291.67  -959.28 -4283.56 -3705.31 -10746.7 -5388.12  -5233.4 -1590.94 -2170.98 -3652.08 -2218.53 -2103.05 -4455.98  -1049.1
-3376.75 -2004.55 -10880.4 -9690.05 -6543.81 -4593.31 -6085.06 -5838.72 -9562.04 -8550.31   -13395 -10154.1 -11948.8 -35406.9 -14061.7  -123647 -20441.6 -19753.1 -18837.9   -19982 -8169.66 -10475.9 -8360.38 -9508.04 -6132.88 -8185.61 -2390.18 -2397.73 -682.663 -1477.48  -2794.4  -2081.4 -4463.69 -3751.57 -4450.24 -2263.07 -7499.64 -4810.02 -7236.52 -5636.74 -7867.06 -1127.21 -1759.47 -5975.32 -4408.87 -4344.27 -7555.12 -4623.79 -10683.3 -4945.89 -7540.61 -4075.76  -5568.7  -6907.1 -3591.78 -3421.86 -950.247 -7467.54 -4059.82 -4845.06 -2553.51 -5608.73 -3027.29 -1396.54 -1463.19 -13136.8 -2952.11 -1090.59 -2269.44 -7575.03 -6638.75 -3323.48 -3378.03 -4711.51 -6947.99 -5883.46 -6997.25 -7239.21 -6140.47 -3326.96  -5643.7 -8327.71 -3658.58 -3229.15 -1464.63  -5671.9 -8495.52 -7138.74 -2720.24 -4952.64    -5196 -3219.07 -3940.88 -5702.13 -2241.34 -2756.98 -3785.98 -3168.07 -3451.62 -4751.89 -5678.08 -2210.95 -3221.12 -869.855 -3073.25
 174.973 -4018.46   -13902 -2868.19 -16283.4 -1195.97 -1314.26 -4881.65 -5831.68 -5624.06 -14902.4 -19727.5   -11419 -9103.13 -11626.5 -20441.6  -192009 -32711.4 -23653.4 -12786.3 -12549.1 -9494.64 -7877.62 -5695.96 -8983.25 -4027.15 -4676.83 -1223.71 -1184.72 -548.066 -2666.45 -8205.86 -2720.47 -2094.53 -5296.62 -1805.06 -3921.95 -7728.33 -5722.13 -17706.3 -8770.33 -5940.59  -3321.9 -8673.37 -6163.79 -5554.77 -3426.68 -3676.02 -4456.78 -6875.69 -5058.34 -4461.85 -5905.43 -5399.45 -3272.86 -3850.03 -4334.14  -4534.8 -3001.34 -8284.01 -5835.42 -3660.15 -3452.14 -845.936 -3727.13 -589.516 -4040.19 -927.069 -3148.47 -18193.3 -3499.99 -3882.67 -3801.47 -12684.3 -8206.47 -5406.37 -11361.7 -5761.74  -3307.6 -4863.76 -9107.72 -12204.5 -8744.01 -7591.46 -1678.48  -3967.6 -4106.18  -3539.6 -1425.17 -2348.04 -878.193  -4113.1  -8863.7 -4525.31 -5362.33 -1768.58 -3881.88 -6941.62 -2594.71 -4334.82 -3476.42 -4333.98 -3479.59 -3368.01  -2131.9
-52.0775  217.333 -1184.98 -2579.76 -5111.74 -732.822 -2808.17 -4482.89 -5591.66 -13317.4 -27059.8   -11990   -18415 -10067.4   -22361 -19753.1 -32711.4  -239556 -26764.9 -18234.2 -9104.44 -24311.7 -8850.24 -9528.16 -8884.02 -4429.29  -3995.9 -3570.17 -4355.31  183.755 -1156.39 -7595.74 -8686.33 -11179.5 -6431.37 -3610.47 -8483.15 -6571.19 -6128.84 -9095.78   -13382 -30062.6 -8819.52  -5529.5 -4092.55 -7773.55 -12752.6 -1001.92 -11927.2 -1302.26 -9912.88 -2208.63 -3017.06 -5011.29 -2962.63 -3292.33  -2577.9 -472.159 -2174.56 -2008.53 -7150.73 -2178.18 -1468.38 -363.289 -1229.85  949.478 -4232.09  -2816.5 -4467.26 -5938.47  -3495.1 -2021.56 -3275.73 -3816.31 -9033.26 -3687.06 -8634.47 -471.317  -4776.9 -4246.96 -9369.53 -14906.7 -6081.17 -5982.04  -4612.2 -7145.21 -3836.28 -2171.58 -2381.17 -5131.84 -3812.06 -5024.62 -2728.78 -5820.01 -6727.85 -6303.58 -7235.04 -6780.81 -3740.16 -6190.63 -6651.36 -4759.35 -4075.74 -4434.98 -4025.23
 -2481.9 -4206.56 -5871.44 -3067.11 -5878.82 -3032.03 -3978.73 -3032.63 -8074.59 -6900.51   -19731 -9165.85 -15588.6 -19274.4 -16125.4 -18837.9 -23653.4 -26764.9  -114357 -9391.97 -9799.21  -9517.4  -4834.2 -8694.53 -6203.18 -8665.74 -5417.45  -2007.9 -1469.03 -943.071 -2871.41 -6115.66 -4333.11 -2353.08 -3343.74 -3663.75  -7890.4 -5728.45 -6243.39 -12214.4 -11666.2 -12013.9 -1031.82 -2709.36 -5003.01 -5448.84 -6393.88 -3606.42 -4984.59 -3650.29 -1715.98 -3958.31 -3224.19 -6425.92 -1630.25 -3292.58 -363.755 -2042.72 -4241.31 -3480.32 -3418.71 -3508.79 -4563.33 -1381.99 -1540.83 -18980.8 -1249.27  -3793.4 -1876.58 -7910.42 -6536.83 -4521.42 -4237.19 -3359.26 -6674.65 -7295.96 -6867.21 -7128.73 -2989.25 -4096.18 -5480.74 -8141.16 -6166.21 -3312.93 -1130.08 -7312.82 -3625.22 -3013.53 -1733.95 -5161.82 -4189.68 -1013.77  -6297.7 -5773.77 -4267.96 -2389.25 -4844.82 -4147.78 -2763.63 -3864.37 -3252.48 -4386.66 -1719.14 -3384.07 -2652.39
 -3985.2 -4369.84 -3365.77 -7113.87 -6338.29  -3969.9 -3189.29 -4627.25 -5219.47 -6770.71 -9016.88 -13126.7 -8896.53 -10395.9 -6194.94   -19982 -12786.3 -18234.2 -9391.97   -58409 -12225.2  -8845.1  -8006.1 -9285.04 -7705.17 -6980.54 -2513.89 -1893.68 -1281.39 -487.943  -4620.6 -4688.33 -5542.42 -4522.05 -4269.43 -1737.72 -5306.11 -3614.44 -8144.73 -7721.99 -6492.96 -4141.82  -4726.3 -3555.83 -3948.74 -5082.77 -8330.91 -4578.33 -3773.92 -3481.31 -4762.91    -3220 -3783.46 -6178.06 -1808.87 -3032.13 -1222.43 -7743.05 -3038.47 -4425.37 -4072.24 -3841.89 -2411.51 -1029.46 -1021.92 -7332.83 -1344.92  -749.48 -1500.65 -11456.5 -4551.99 -5321.21 -4474.48 -5882.68 -4683.23 -4676.25 -8202.31 -3997.14 -4384.22 -4414.48  -6257.1 -7645.07  -4998.5 -4593.34 -2145.15 -4702.75 -4783.32 -3691.91 -2085.37 -2696.95  -3480.8 -2518.36 -6138.64 -7275.06  -6029.5 -6273.25 -4401.47 -3927.69 -3264.63 -3844.81 -3613.64 -3274.86 -2351.32  -1715.6 -3112.31
-2873.83 -5160.96 -5469.13 -4971.53 -7756.26 -2399.15 -4274.07 -5191.62 -4865.84 -9929.34 -10573.7 -16359.4 -10776.8 -7607.79 -5073.57 -8169.66 -12549.1 -9104.44 -9799.21 -12225.2   -57361 -5488.03 -8499.81 -6837.07  -7496.7 -5529.78 -3792.02 -2686.17 -1385.66 -862.202 -5879.08 -4782.95 -4765.71 -5696.26  -4845.8 -2367.84 -7115.09 -3942.22 -8023.66 -7686.16 -5597.39 -4552.52 -3629.99 -3652.29 -1815.54 -2272.54  -6601.1 -5980.02 -5085.62 -3532.39 -1150.91 -2282.46 -4774.96 -5919.75 -3297.66 -4143.99 -2433.44 -4216.98 -3331.53 -6003.44 -3664.17 -5429.18 -2434.41 -1628.59  -1524.7 -10364.7 -2813.76 -1076.97 -2908.66 -3247.27  -4494.8  -4813.2 -3386.85 -5298.49 -4562.46 -6473.25 -5924.78 -4339.22 -5222.42 -4750.26 -5906.99 -8291.96 -4567.16 -5424.21 -706.983 -6141.09 -5059.55 -3946.62 -3357.13 -4098.49 -2988.27 -2172.55 -3332.92 -5192.68 -5388.51 -4634.59 -5139.93 -6131.95 -4059.17 -3799.75 -5010.95 -3070.34 -1301.11 -1909.89 -1807.01
-2550.66 -1945.48 -1931.26 -4205.94 -4237.18 -3283.21 -3072.41  -4521.6 -4448.68 -3941.14 -8678.41 -10096.6 -6539.84 -10801.9 -6339.52 -10475.9 -9494.64 -24311.7  -9517.4  -8845.1 -5488.03 -36490.9 -4026.95 -4515.99 -4800.24 -3040.32 -2859.59  -1300.9 -1471.07 -1113.28 -1519.64 -4281.06 -6009.17 -3368.07 -3293.68 -1839.33 -3937.06 -2370.39 -4392.79 -4173.65 -7947.96  -5030.9 -1835.58 -2496.94 -3630.83 -4011.76 -3666.06 -2107.89 -5784.99 -3154.96 -3223.05 -2631.76 -3340.32 -3648.29 -2429.37 -1771.85 -1396.99 -1559.71 -1631.68  -2470.3 -3993.94 -2973.16 -2798.05 -1269.56 -1096.97 -3315.04 -1874.16  -966.37 -1912.76 -2921.91 -1580.48 -170.461 -2771.53 -8316.15 -5424.11 -4048.81 -5105.68 -3717.12 -3401.78 -1639.38 -1734.21 -2826.26 -1772.25 -2930.62 -2158.57 -3170.26 -3860.82 -2351.34 -3292.31 -2194.81 -2509.23 -2029.72 -2426.16 -3510.67 -3449.18 -3619.93 -3303.84 -2181.58 -3166.57 -1892.66 -2293.88    -2744 -2561.28 -2217.49 -2238.47
-2774.21 -3366.98 -5496.64  -4129.2 -4539.89 -4260.35 -3889.47 -2373.29 -5798.64 -7854.19 -6201.63 -12470.7 -7570.48  -7575.3 -6705.47 -8360.38 -7877.62 -8850.24  -4834.2  -8006.1 -8499.81 -4026.95 -63983.5 -13303.9 -7236.92 -3584.78 -2309.07 -2702.96 -1366.83 -938.471 -4728.85 -6378.34 -5511.48 -4310.49 -4700.47  -1613.9 -6368.61 -5401.86 -6441.85 -5859.01 -4582.09 -6086.34 -3249.55 -4306.57 -2292.16 -4729.96 -2856.46 -5484.99 -7057.31 -4108.23  -5755.7 -2977.98 -5168.28  -6885.9  -3450.7 -3844.33 -2485.35 -7095.69 -2852.23 -4494.87 -3096.88 -4702.57 -2101.07 -1449.78 -2028.57 -5302.94 -1458.53 -2008.38 -2094.32 -3467.85 -6920.92 -4493.67 -3426.72 -9922.34 -4940.64  -4380.7 -6333.41 -4522.85 -3836.86 -2848.16 -5097.36 -9741.47 -3826.99 -4865.67  -1087.4 -4332.66 -3415.45 -3588.62 -4055.82 -2639.73 -2679.64 -2297.18 -4024.69 -9060.33 -4299.44 -5515.77 -4976.24 -6830.56 -2671.05 -4205.36 -3314.11  -2449.3 -2750.14 -2305.76 -3859.25
-1876.74 -2912.22 -4211.23 -6919.01 -2440.83 -4267.93 -4557.26 -4057.14  -5233.3 -7519.95 -14246.1 -12762.9 -7281.37 -9422.67  -4362.6 -9508.04 -5695.96 -9528.16 -8694.53 -9285.04 -6837.07 -4515.99 -13303.9 -43776.2 -3791.94 -4857.62 -3229.13 -1158.83 -1309.76 -1172.82 -7062.74 -5360.93 -4519.23 -3946.87 -3989.42 -2084.38  -4371.8  -5279.7 -6110.62 -4074.76 -4494.52 -6302.94 -3887.13 -2938.08 -2842.39 -3728.73 -4702.86 -4445.07 -4482.77 -2708.49 -3323.15 -2185.43 -3062.09 -5591.03 -2191.11 -3238.88 -1697.37 -6022.94 -4406.37 -4420.98 -2241.76 -3374.86 -3462.29 -2228.88    -1747 -8216.43 -2963.81 -1745.59 -2294.94 -2877.88 -4617.89 -2707.03 -1949.31 -5844.52 -2416.91 -3899.21 -4803.09 -3668.42 -2827.47 -3724.37 -4342.63 -7656.01 -4953.83 -5231.59 -494.621 -4481.87 -5484.52 -2546.37 -3647.44 -3386.74 -3304.37 -2175.61 -4453.31 -4564.33 -4130.26  -3763.2 -1685.95 -4634.67 -3070.72 -4746.33 -4163.11 -2692.52  -2510.1 -1708.04 -3868.87
-3885.29 -4947.02 -3930.47  -3009.1 -4055.47 -3129.74 -3195.63 -3351.56 -4686.22 -4538.49  -6439.8 -7606.49 -8733.24 -6764.49 -5607.23 -6132.88 -8983.25 -8884.02 -6203.18 -7705.17  -7496.7 -4800.24 -7236.92 -3791.94 -24171.2 -4710.95 -5421.26 -2948.04 -1843.51 -1067.05 -6630.26 -3594.21 -2415.59 -2228.95 -3039.09 -2618.93 -4321.33 -2982.43 -4894.13 -2995.52 -4352.08 -2489.17 -4673.54 -5593.84 -3890.98 -4212.38  -2548.7  -4326.7 -4114.99 -3191.46 -3131.76 -2593.31 -3660.82 -4755.06 -2543.85 -2266.31  -2152.8  -3308.9 -2127.79 -4285.01 -2845.27 -2726.66 -3255.74 -1219.28  -1644.7 -3112.98  -1782.3 -1498.06 -1577.82 -3974.51 -3450.37 -3475.28 -2960.82 -4664.69 -5250.75 -5370.38 -5843.19 -2786.34 -3300.46 -3760.82 -3301.54 -5400.14 -2916.92 -3853.82 -2226.21 -3128.95 -3188.48 -2632.93 -2497.43 -2999.58 -2625.77 -2479.89 -1409.41 -2945.41 -3558.65 -6285.24 -3422.57 -4584.73 -2719.76 -2582.35 -3497.79 -2853.77 -2165.37 -2327.04 -2704.99
-3757.91  -5936.9 -6129.07 -6298.94 -2984.91 -4145.69 -3015.05 -3441.63 -4289.19 -5096.15  -7695.3 -5023.54 -6815.55 -5711.11 -3330.97 -8185.61 -4027.15 -4429.29 -8665.74 -6980.54 -5529.78 -3040.32 -3584.78 -4857.62 -4710.95 -21263.3 -8243.47 -2400.95 -940.447 -1144.51 -6062.66 -5443.05 -4872.55 -3223.91 -4188.72 -3042.53 -6144.65 -4686.92  -6700.8 -5290.38 -6704.76 -4800.63 -6630.98 -5628.22 -3388.39 -4828.74 -2150.11 -3951.21 -3107.24 -2734.37 -5273.36 -2567.46 -3840.92 -3991.65 -2471.76 -3655.16 -1348.35 -4503.44 -3678.01 -3697.97 -2829.98 -2882.96 -2866.36 -1878.97 -2237.37 -9387.92 -2519.28 -2173.16 -1701.58 -7315.93 -8422.22 -6931.52 -2891.17  -6428.6 -6128.18 -4668.11 -5883.15 -5987.06 -3772.34 -4162.01 -5311.33 -7254.75 -4190.04 -5206.81 -1352.94 -4441.03 -3106.63 -3484.73 -3345.15 -3681.18 -3469.96 -2244.05 -7371.63 -4987.67  -5404.6 -5088.53 -3451.49 -5584.45 -3713.63 -3700.37 -3824.58 -3125.17 -2148.34 -2203.33 -3252.22
-3946.17 -10309.3 -14045.3 -9008.23   -10508 -4488.67 -3436.12 -3833.06 -10682.7 -3814.26 -6250.15 -3072.55 -14466.3 -4637.29  -9096.6 -2390.18 -4676.83  -3995.9 -5417.45 -2513.89 -3792.02 -2859.59 -2309.07 -3229.13 -5421.26 -8243.47  -129299  -3376.4 -3332.78 -1669.18 -42959.8 -7499.58 -5242.25 -5899.89 -3986.09 -5413.49  -8451.7 -2596.28 -10103.7 -10792.3 -13867.6 -6658.71 -5635.67 -3799.81 -8068.89 -10641.4 -2427.22 -5993.62 -1149.51 -1524.38 -6980.53 -756.218 -3247.23 -5500.77 -4416.34 -4433.95 -1494.34 -7124.04 -4970.01 -14013.8 -1677.02 -4750.52  -7619.5 -2937.23 -4388.94 -4065.43 -1981.69 -2535.06 -3342.33 -4500.93 -12779.9 -11022.8 -4130.36 -8821.07 -10978.7 -7719.34 -5255.53 -13558.1 -5455.01 -8537.07 -13257.3 -3939.77 -5117.24 -5834.76 -5800.62 -6270.35 -4340.98 -4609.19 -8885.24 -4025.23 -3930.92 -3373.28 -8094.13 -8260.18  -3640.6 -2826.41 -4213.39 -981.408 -6100.78 -4014.16 -3392.85 -5899.19 -5448.21 -3287.82 -4214.53
-2520.72 -4058.71 -2431.33 -3292.23 -2407.24 -2156.53 -1936.37 -2116.62 -4207.56 -4228.15 -1198.17 -1432.92  -540.77 -1442.75  -985.99 -2397.73 -1223.71 -3570.17  -2007.9 -1893.68 -2686.17  -1300.9 -2702.96 -1158.83 -2948.04 -2400.95  -3376.4 -19787.3 -5523.63 -2189.11 -2162.09 -1278.67 -2540.44  -2444.7 -1443.92 -1126.49 -2744.03 -1741.01 -3665.55 -3385.67 -1967.14 -2259.43 -2252.13 -3053.96 -4011.33 -4861.18 -1852.01 -3399.12 -5004.95 -2793.72 -1312.79 -1514.55 -3787.78 -3453.14  -2029.1 -2253.62 -1236.27 -2944.78 -1828.28 -3655.38 -1485.54 -1922.76 -2213.93  -1875.2 -1173.12 -3692.79 -1581.44 -321.821 -1500.09 -1907.67 -1175.26 -2917.41 -1501.19  -1187.8 -1333.81 -1172.93 -1974.79 -1471.37 -1803.43 -2952.54 -1708.26 -1009.88  -2585.8 -2693.35 -1566.91 -1852.55 -3122.82  -1354.7 -2721.66 -2532.24 -1484.71 -1504.13 -3218.82 -1856.86  -2225.1 -2542.78 -2576.31 -2827.02  -2248.8 -2154.18 -1560.59 -2054.54 -1467.58 -1629.34 -2517.47
-2003.47  -2723.1 -1707.32 -2139.38  -1021.3 -1217.51 -1687.82 -1313.09 -2165.53  -1524.4 -1036.55 -304.015 -1678.65 -3457.41 -2250.73 -682.663 -1184.72 -4355.31 -1469.03 -1281.39 -1385.66 -1471.07 -1366.83 -1309.76 -1843.51 -940.447 -3332.78 -5523.63 -10921.6 -446.997 -1194.03 -695.224 -1640.24 -2306.32 -1645.21 -1458.58 -1862.45  -1051.4 -2080.16 -2421.35 -618.959 -2092.55 -4489.27 -1218.34 -2252.17 -2154.37 -1456.53 -1755.06 -3390.49 -1230.67 -1806.32 -989.308 -1129.92 -1554.28 -1367.19 -1627.59 -1019.38 -701.498 -1051.04 -2214.35 -685.069 -1620.95 -1570.62 -925.514 -1105.21 -2097.64 -1297.52 -783.706 -823.942 -2352.52  -2737.4 -1994.24 -822.173 -1122.38 -1645.84 -1929.04 -1769.01 -2212.94 -1059.68 -2248.73 -909.727 -458.398 -2941.74 -1721.89 -1614.46 -2141.31 -1671.88 -1348.57 -404.485 -1435.11 -840.977 -1062.02 -1870.16 -1582.54 -1365.39  -717.48 -1359.72  -1926.7 -1995.05 -1574.73 -808.626 -1391.86 -1181.64 -1232.74 -1429.49
-2396.31 -1534.88 -2160.74 -698.142 -2151.55 -1236.56 -1092.53 -1039.16 -1194.64  -2005.8 -717.986 -242.298 -842.556 -150.254 -618.798 -1477.48 -548.066  183.755 -943.071 -487.943 -862.202 -1113.28 -938.471 -1172.82 -1067.05 -1144.51 -1669.18 -2189.11 -446.997 -3924.83 -1389.07 -1484.63 -1594.82  -1432.7 -1294.77 -751.598 -1070.52 -832.397 -1042.22 -1034.35 -1441.49 -1245.35 -2007.79 -1594.94 -2421.89 -1383.93  -1482.9  -1302.5 -1539.13 -1799.26 -1253.48 -1159.97 -1693.14 -1471.45 -1087.56 -1215.53   -416.9 -1517.65 -1009.72 -1085.31 -1232.65    -1118 -1041.55 -1074.21 -594.373 -3123.75 -560.677  -278.66 -224.873  -1567.6 -1556.67 -1763.08 -673.277 -606.582 -964.854 -548.115 -1118.63 -1585.96 -1376.53 -1403.95 -1147.26  -1701.8 -685.866 -1298.05  -702.21 -1165.81  -890.53 -964.253 -976.403 -1274.57 -1179.75 -1300.93 -1339.42 -1742.44 -1386.03  -1577.1 -710.885    -1502 -1210.31 -968.762 -1470.01 -1353.16 -1586.94 -832.058 -1401.82
-6500.32 -4217.59 -21420.7 -9116.08 -6435.58 -6487.63  -3394.1 -4688.79 -11115.8 -5730.23 -7193.46  758.014 -9721.61 -2257.79 -4857.91  -2794.4 -2666.45 -1156.39 -2871.41  -4620.6 -5879.08 -1519.64 -4728.85 -7062.74 -6630.26 -6062.66 -42959.8 -2162.09 -1194.03 -1389.07 -95899.9 -7776.25 -5285.68  -4688.1 -5752.24 -6318.47 -7857.54 -3681.91  -7739.5 -9129.02 -8929.77 -6401.81 -7695.45 -9655.56 -5047.04 -5772.03 -4205.14 -7159.51 -2326.58 -3836.27 -4236.73  -3328.7  -3291.5  -3437.4  -4410.3 -2834.86 -612.117 -6077.62 -2655.58 -8076.28 -3592.83 -3026.48 -4925.16  -2662.2  -4512.9 -9762.03 -2181.91 -1337.65 -2781.61 -5307.26 -16197.5 -13084.9 -3056.56 -11922.4 -4464.44 -8525.53 -7865.76 -6939.94 -5607.26 -5977.67 -13372.2 -4759.97 -2459.53 -3406.98  -2512.3 -4594.37 -3919.48 -2823.81 -6181.08 -5769.74 -3005.37 -2192.85 -6942.57 -6426.18 -9145.35 -6694.84 -4520.88 -3646.42 -2349.42 -6394.19 -4461.78  -3407.9 -5298.43 -3080.09 -4843.46
-4702.68 -4636.61 -7296.21 -3581.51 -8822.61 -3025.23 -3365.41 -3999.17 -5344.63 -6333.59 -5324.99 -5426.82 -5711.38 -2252.16 -4376.05  -2081.4 -8205.86 -7595.74 -6115.66 -4688.33 -4782.95 -4281.06 -6378.34 -5360.93 -3594.21 -5443.05 -7499.58 -1278.67 -695.224 -1484.63 -7776.25 -44659.4 -6794.65 -8208.59 -5555.13 -2672.87 -3676.06 -4681.33  -5239.4  -9626.1 -8066.37 -4921.19 -7084.14 -7036.57 -2775.76 -4589.02 -1775.12 -3954.07 -3497.47  -2500.8  -4468.7 -2674.19 -3470.91 -2473.07  -3321.6    -2865 -1586.81 -3565.64 -3592.82 -2278.79 -2795.67 -2377.72 -3459.31 -2249.51 -1704.32 -3763.72 -2424.03 -1507.01  -2117.1 -4908.11 -6715.65 -7965.27 -2356.17 -4439.35 -3322.59 -3993.82 -3316.35 -3130.01 -4541.59  -4034.5 -5751.56 -5716.57 -3418.07 -2716.84  -2911.1 -6003.37 -4908.01 -4063.39 -3568.94 -4286.17 -3021.68  -2165.5 -4631.62 -10023.7 -4513.17 -2065.27 -3109.32 -3771.83    -3414 -3275.94 -3226.27 -3452.12 -2638.94 -3763.66 -3412.12
-3017.26  -3562.4 -8096.86 -5904.27 -4309.21 -2810.19 -3226.72 -3405.73 -4277.56 -4284.07  -2352.5 -5019.02 -3964.14 -7187.02  -3353.4 -4463.69 -2720.47 -8686.33 -4333.11 -5542.42 -4765.71 -6009.17 -5511.48 -4519.23 -2415.59 -4872.55 -5242.25 -2540.44 -1640.24 -1594.82 -5285.68 -6794.65 -28518.3 -5435.19 -3374.39  -1513.7 -4094.09 -1646.93 -4778.49 -3008.96 -4773.59 -3316.52 -4004.22 -4205.04 -2283.56 -5337.17 -1811.75 -2409.02 -4301.64  -1403.6 -4208.76 -2106.48 -2947.52 -3045.23 -2604.14    -2557 -796.987 -3432.33 -1902.28 -3381.09 -2291.85 -1953.51 -2494.71  -2118.5 -1542.32 -6465.36 -1920.61 -695.513  -1799.8 -3579.16 -6616.41 -5409.82 -2124.65 -7121.26 -3582.05 -3247.55 -4564.55 -5301.86 -3394.19  -3592.5 -2475.17 -5972.52 -4189.11 -3789.54 -1910.56 -3549.89    -2354 -2302.57 -2308.11 -3292.06 -3179.37 -1776.51 -4364.87 -4461.73 -3543.32 -3838.24 -3536.87 -3757.19 -2111.35 -2152.69 -3358.76 -2637.49 -2292.37 -1688.13 -2794.67
-3215.71 -6597.44 -9465.07 -8987.66 -8713.25 -3989.65  -2444.8 -4242.36 -2732.28 -3204.38 -5837.47 -3444.83 -3221.91 -2071.84 -3686.09 -3751.57 -2094.53 -11179.5 -2353.08 -4522.05 -5696.26 -3368.07 -4310.49 -3946.87 -2228.95 -3223.91 -5899.89  -2444.7 -2306.32  -1432.7  -4688.1 -8208.59 -5435.19 -47469.4 -14017.7 -2737.52 -3731.93 -1166.48 -3877.33 -5362.94 -8394.16 -5717.37    -6850 -4922.58 -1965.14 -2723.19 -4055.57 -3379.44 -7501.74 -5067.41 -4630.94 -2061.46  -4153.3 -3120.87 -2569.09 -2897.54 -620.929 -5182.95 -3854.68 -3333.35 -3387.17 -2542.14 -1550.63 -2109.63  -1168.2 -4930.49 -2342.52 -1519.89 -2274.71 -3452.41 -3174.63 -11220.6 -1228.26 -4460.98 -5871.31 -4028.88  -4297.6 -2659.43 -3324.56 -3128.83 -5423.92 -5449.44 -5233.47 -3009.24 -1505.41    -3866 -3192.01 -4290.97 -3267.63  -3750.9 -2234.59 -2460.76 -5259.96 -4301.58 -3562.03 -1320.36 -3744.13 -1890.03  -2573.3 -2775.69 -2483.19 -3432.59 -5888.48 -2178.97 -2345.65
-4409.92  -3685.6 -4147.57 -6096.88 -6766.67 -3676.94 -2711.68 -3262.72 -2415.25 -3708.42 -6754.89 -3863.26 -4990.75 -3175.86  -4195.9 -4450.24 -5296.62 -6431.37 -3343.74 -4269.43  -4845.8 -3293.68 -4700.47 -3989.42 -3039.09 -4188.72 -3986.09 -1443.92 -1645.21 -1294.77 -5752.24 -5555.13 -3374.39 -14017.7 -22553.6 -1502.59 -5647.76 -3479.32  -5322.5 -4282.93 -4366.43 -2249.57 -5125.65 -2534.11 -2761.69  -4715.1 -2646.45 -2700.03  -4472.7 -3169.02 -2416.68 -1950.86 -3253.82 -3297.47 -2454.26 -3223.38 -673.569 -3924.55 -2510.18 -3473.25 -2497.84    -2740  -1672.4 -1428.04 -1304.28 -2977.09 -2292.08 -2083.06 -1943.47 -2183.57 -3500.48 -6234.33 -2131.43 -4029.65 -4551.83 -4336.93 -4205.06 -3184.39 -4043.09 -3592.94 -4082.98 -6519.48 -3659.53 -5016.59 -1362.88 -3681.25  -4015.7 -2491.44 -2468.61 -3373.06 -2105.12  -2247.9 -3948.13 -3623.18 -3468.88 -3423.89  -3832.8 -3031.52 -2856.33 -2699.68 -3468.75 -3233.72 -3508.78 -1640.63 -3027.47
-1515.48 -2780.74 -5906.04 -3957.08 -2160.42 -1328.12 -701.173 -1878.69 -4206.12 -3441.03 -5958.52 -2601.25 -3966.38 -2580.75  -1965.4 -2263.07 -1805.06 -3610.47 -3663.75 -1737.72 -2367.84 -1839.33  -1613.9 -2084.38 -2618.93 -3042.53 -5413.49 -1126.49 -1458.58 -751.598 -6318.47 -2672.87  -1513.7 -2737.52 -1502.59 -11925.8 -2534.88 -2001.31 -2590.14 -2516.11 -4455.98 -2520.84 -2159.14 -2199.93 -1769.94 -3317.22 -2255.03 -1805.04 -1429.78  -859.52 -2487.44 -660.371 -2544.41  -1928.7 -1427.97 -1612.84 -889.003 -3024.86 -655.822 -3226.69 -1714.97 -1487.21 -1741.29 -731.774 -1114.91 -1158.64 -1329.43 -1565.81 -1257.32 -2796.49  -3484.1 -2360.41 -2307.45 -3659.42 -2769.41 -2738.95 -2404.51 -2989.18 -2168.68  -2044.9 -2106.75 -1824.61 -2390.86  -1998.3 -1454.61 -1314.24 -1955.72 -1832.26 -1620.55 -2071.46 -1723.48 -1524.26 -1913.36 -2476.44 -3177.58 -1954.64 -2716.78  -2434.7 -1459.81 -1901.36 -1089.41 -2067.09 -1160.19 -2187.09 -1959.23
