
72

(((((((((dipodomys_ordii:0.0164567259,(jaculus_jaculus:0.0144352028,((((mus_pahari:0.0038307257,((mus_spretus:0.0010045032,mus_musculus:0.0009360497):0.001204712832,mus_caroli:0.0019472943):0.002244016899):0.004578346922,rattus_norvegicus:0.0080642363)'B(0.072,0.16)':0.007317540399,((microtus_ochrogaster:0.0087799260,peromyscus_maniculatus_bairdii:0.0073820514):0.00242304473,(cricetulus_griseus_chok1gshd:0.0047500604,mesocricetus_auratus:0.0058349603):0.004205351996):0.004628819171):0.008425866235,nannospalax_galili:0.0119196082):0.006034885431):0.006091539132)'B(0.407,0.592)':0.007697515624,(((octodon_degus:0.0090386919,chinchilla_lanigera:0.0060461640):0.003976557879,(cavia_porcellus:0.0004132001,cavia_aperea:0.0012917884):0.0103083123):0.004692819309,(heterocephalus_glaber_female:0.0058433826,fukomys_damarensis:0.0071176322):0.005715660447):0.01199227092)'B(0.476,0.592)':0.004155345894,ictidomys_tridecemlineatus:0.0124500132)'B(0.56,0.6611)':0.005316803295,(ochotona_princeps:0.0122442129,oryctolagus_cuniculus:0.0081092281)'B(0.476,0.6611)':0.01433857368)'B(0.56,1.646)':0.002854097445,tupaia_belangeri:0.0112971353):0.004883792221,((((((colobus_angolensis_palliatus:0.0015355470,(rhinopithecus_bieti:0.0004638346,rhinopithecus_roxellana:0.0002973011):0.001150265827):0.001056646687,((((mandrillus_leucophaeus:0.0006925179,cercocebus_atys:0.0008185869):0.0003000872287,papio_anubis:0.0007641020):0.0003118933879,((macaca_fascicularis:0.0002115653,macaca_mulatta:0.0003801580):0.0001923216454,macaca_nemestrina:0.0005092351):0.0005451869414)'B(0.053,0.339)':0.0004450225615,chlorocebus_sabaeus:0.0013389990)'B(0.0533,0.34)':0.0008354401416):0.002703145131,((pongo_abelii:0.0022441368,((homo_sapiens:0.0009784050,(pan_paniscus:0.0003869992,pan_troglodytes:0.0003077383):0.0006928959476)'B(0.065,0.1)':0.0003126506019,gorilla_gorilla:0.0011778965)'B(0.0533,0.339)':0.00103415944)'B(0.1163,0.339)':0.0006516040978,nomascus_leucogenys:0.0028693892):0.001696569576)'B(0.2444,0.339)':0.002967510692,((saimiri_boliviensis_boliviensis:0.0031682894,cebus_capucinus:0.0027299415):0.0009551540789,(callithrix_jacchus:0.0035394304,aotus_nancymaae:0.0029559724):0.0007905696198):0.005209752977)'B(0.339,0.6611)':0.006090734725,carlito_syrichta:0.0130198771):0.004127286786,((propithecus_coquereli:0.0043818987,microcebus_murinus:0.0057781281):0.005076150694,otolemur_garnettii:0.0124283702)'B(0.339,0.6611)':0.006477475211)'B(0.56,0.6611)':0.003847738526)'B(0.616,1.646)':0.004311999764,((((((panthera_tigris_altaica:0.0006550262,panthera_pardus:0.0003391934):0.0008120676046,felis_catus:0.0009738338):0.007243796835,(canis_familiaris:0.0081058801,(ailuropoda_melanoleuca:0.0059387453,mustela_putorius_furo:0.0077426545):0.003718996045)'B(0.373,0.6611)':0.003687738032)'B(0.373,0.6611)':0.006644001575,((((((capra_hircus:0.0011855668,ovis_aries:0.0018070935):0.002887426319,bos_taurus:0.0033759352)'B(0.16,0.281)':0.008805062659,tursiops_truncatus:0.0081587226)'B(0.505,0.6611)':0.004995045203,sus_scrofa:0.0110200875):0.001672654405,vicugna_pacos:0.0058088327)'B(0.505,0.6611)':0.005543108218,equus_caballus:0.0103960155)'B(0.524,0.6611)':0.003712252331):0.002405984198,(pteropus_vampyrus:0.0091161137,myotis_lucifugus:0.0130272982)'B(0.476,0.6611)':0.009060319207):0.001900324829,(erinaceus_europaeus:0.0083101714,sorex_araneus:0.0094902575)'B(0.616,1.646)':0.0165224225):0.004979570608):0.005000762578,((echinops_telfairi:0.0155067946,(loxodonta_africana:0.0073447128,procavia_capensis:0.0104892908)'B(0.56,1.646)':0.005689317106)'B(0.56,1.646)':0.009504255604,(dasypus_novemcinctus:0.0063159960,choloepus_hoffmanni:0.0055048168)'B(0.476,1.646)':0.01291417916):0.006007451932)'B(0.616,1.646)':0.02669110368,(monodelphis_domestica:0.0104077274,(sarcophilus_harrisii:0.0073236508,notamacropus_eugenii:0.0065500934)'B(0.2303,0.56)':0.007878759932)'B(0.476,1.313)':0.02424164202,ornithorhynchus_anatinus:0.0303791906)'B(1.2156,1.696)';

  0.0266911  0.00500076    0.004312  0.00488379   0.0028541   0.0053168  0.00415535  0.00769752   0.0164567  0.00609154   0.0144352  0.00603489  0.00842587  0.00731754  0.00457835  0.00383073  0.00224402  0.00120471   0.0010045  0.00093605  0.00194729  0.00806424  0.00462882  0.00242304  0.00877993  0.00738205  0.00420535  0.00475006  0.00583496   0.0119196   0.0119923  0.00469282  0.00397656  0.00903869  0.00604616   0.0103083   0.0004132  0.00129179  0.00571566  0.00584338  0.00711763     0.01245   0.0143386   0.0122442  0.00810923   0.0112971  0.00384774  0.00412729  0.00609073  0.00296751  0.00270315  0.00105665  0.00153555  0.00115027 0.000463835 0.000297301  0.00083544 0.000445023 0.000311893 0.000300087 0.000692518 0.000818587 0.000764102 0.000545187 0.000192322 0.000211565 0.000380158 0.000509235    0.001339  0.00169657 0.000651604  0.00224414  0.00103416 0.000312651 0.000978405 0.000692896 0.000386999 0.000307738   0.0011779  0.00286939  0.00520975 0.000955154  0.00316829  0.00272994  0.00079057  0.00353943  0.00295597   0.0130199  0.00647748  0.00507615   0.0043819  0.00577813   0.0124284  0.00497957  0.00190032  0.00240598    0.006644   0.0072438 0.000812068 0.000655026 0.000339193 0.000973834  0.00368774  0.00810588    0.003719  0.00593875  0.00774265  0.00371225  0.00554311  0.00167265  0.00499505  0.00880506  0.00288743  0.00118557  0.00180709  0.00337594  0.00815872   0.0110201  0.00580883    0.010396  0.00906032  0.00911611   0.0130273   0.0165224  0.00831017  0.00949026  0.00600745  0.00950426   0.0155068  0.00568932  0.00734471   0.0104893   0.0129142    0.006316  0.00550482   0.0242416   0.0104077  0.00787876  0.00732365  0.00655009   0.0303792

7.62522e+06 4.07296e+06 4.30146e+06      486735 3.27396e+06 4.01876e+06 2.50585e+06 3.39827e+06   9.909e+06  6.4237e+06 1.00196e+07 7.80633e+06 1.02678e+07 9.64341e+06 1.06088e+07 1.00954e+07 1.03788e+07 1.00628e+07 8.90921e+06 9.90599e+06 9.84229e+06 1.01685e+07 6.13927e+06 3.38138e+06 1.12938e+07 1.09387e+07 8.88793e+06 1.29192e+07 9.81785e+06 1.01592e+07 8.56439e+06 5.47282e+06 4.94019e+06 9.87189e+06 1.12893e+07 1.00396e+07 1.11717e+07 3.79718e+06  6.2869e+06 9.98538e+06 9.65318e+06 1.13189e+07 7.30209e+06 1.15283e+07 1.16456e+07 1.19598e+07 4.08567e+06 4.27636e+06 1.24295e+07   8.539e+06 8.70783e+06 5.75777e+06 8.94299e+06 9.51626e+06 5.52189e+06 8.52612e+06 8.53876e+06 8.88697e+06 4.43036e+06 4.10163e+06 8.73842e+06 7.76746e+06 8.98372e+06 8.56813e+06 5.82966e+06 8.54618e+06 7.70794e+06 7.45397e+06 9.80433e+06  6.5891e+06 5.25857e+06 8.09747e+06 1.04341e+07 6.95434e+06 8.61623e+06 7.55108e+06  5.9643e+06 7.85874e+06  8.3247e+06 8.43841e+06 9.32651e+06 3.77801e+06 9.83526e+06 9.62605e+06      954855 1.01048e+07 9.01535e+06 9.88225e+06 5.83886e+06 8.16173e+06 9.97423e+06 1.16566e+07  1.0852e+07 2.82995e+06 3.37192e+06      605780  7.9264e+06  1.0933e+07 9.08886e+06  6.0542e+06 1.10834e+07 1.08223e+07 6.03323e+06 1.14343e+07 5.67386e+06 9.87176e+06 1.12265e+07 1.01518e+06 6.17988e+06 6.78433e+06 4.42513e+06 1.14735e+07 8.82554e+06 8.57755e+06 6.82877e+06 9.03814e+06 8.24659e+06 1.11577e+07 1.16216e+07 9.91021e+06 4.50433e+06 1.11861e+07 1.02203e+07 6.41057e+06 1.39951e+07 1.32639e+07  1.2367e+06 5.22394e+06 1.03348e+07 6.53044e+06 9.76823e+06 1.13619e+07 6.02894e+06 1.49872e+07 1.05409e+07   6.966e+06 9.97541e+06 6.54267e+06 1.21598e+07 1.00224e+07 6.94488e+06


Hessian 

-2.94645e+08 -2.98752e+07 -1.42586e+07 -6.87989e+06 -1.75983e+07  -1.9361e+07 -1.51972e+07 -1.61117e+07 -3.29783e+07 -2.56803e+07 -3.17453e+07 -2.93949e+07 -3.35298e+07 -2.93127e+07 -3.11355e+07 -2.79187e+07 -2.76559e+07 -2.62118e+07 -2.35816e+07 -2.48385e+07 -2.60001e+07 -2.84209e+07 -2.00046e+07 -1.14678e+07 -3.36954e+07 -3.27426e+07  -2.6887e+07 -3.63187e+07 -2.83438e+07 -3.07477e+07  -3.0414e+07 -1.90539e+07 -1.58371e+07 -3.05162e+07 -3.44386e+07 -3.21774e+07  -2.9306e+07 -3.29116e+06 -1.97557e+07 -2.77517e+07 -2.81701e+07 -3.96375e+07 -2.60117e+07 -3.71094e+07 -3.56512e+07 -3.85632e+07  -1.5516e+07 -1.72834e+07 -4.20346e+07 -2.73615e+07 -2.53288e+07 -1.31526e+07 -2.15233e+07 -2.44385e+07 -6.91971e+06 -1.25926e+07 -2.45115e+07 -2.29154e+07 -6.58535e+06 -7.94201e+06 -1.94967e+07 -1.45433e+07 -2.15471e+07 -2.31369e+07 -1.05996e+07 -1.47121e+07 -1.71126e+07 -1.46497e+07 -2.56593e+07 -2.02384e+07 -1.47744e+07 -2.14852e+07 -2.91059e+07 -1.32096e+07 -1.66268e+07 -1.60645e+07 -9.41399e+06 -1.27578e+07  -1.9557e+07 -2.00053e+07 -3.13136e+07 -1.21256e+07 -2.98534e+07 -2.92695e+07 -2.75937e+06 -2.88611e+07 -2.35785e+07 -3.24043e+07 -2.11567e+07  -2.7594e+07 -2.99879e+07 -3.81043e+07 -3.67697e+07 -1.03908e+07 -1.43129e+07 -6.45885e+06 -2.86325e+07 -3.64593e+07 -2.81599e+07 -1.31745e+07 -2.88614e+07 -3.21723e+07 -2.19932e+07 -3.72568e+07 -2.09119e+07 -2.96394e+07 -3.66444e+07 -6.98167e+06 -2.37215e+07 -2.59514e+07 -1.67182e+07 -3.94152e+07 -2.75217e+07  -2.2641e+07 -1.49389e+07 -2.60615e+07 -2.30859e+07  -3.6104e+07 -3.56784e+07  -3.4833e+07 -1.61766e+07 -3.54323e+07 -3.32422e+07 -2.44605e+07 -4.52215e+07 -4.25377e+07      -893228 -2.04383e+07  -3.3913e+07 -2.40253e+07 -3.15516e+07 -3.66103e+07 -1.86052e+07 -4.49994e+07 -3.29842e+07 -1.11167e+08 -3.91141e+07 -3.92222e+07 -5.10428e+07 -4.58507e+07 -2.54929e+07
-2.98752e+07 -1.10106e+09 -7.15118e+07  -2.8146e+07 -4.44122e+07 -3.99496e+07 -3.32761e+07 -2.72166e+07 -2.89918e+07 -3.23066e+07 -2.47586e+07 -3.32236e+07   -3.171e+07 -2.68473e+07 -2.71191e+07 -2.10952e+07 -2.45422e+07 -2.30936e+07 -1.53577e+07 -2.01547e+07 -2.07057e+07 -2.45631e+07 -1.97979e+07 -1.61688e+07 -2.68826e+07 -2.76684e+07  -2.3448e+07 -3.15775e+07 -2.21172e+07 -2.50455e+07 -3.68247e+07 -2.26867e+07 -1.84613e+07 -2.17295e+07  -3.0607e+07 -2.49861e+07 -2.01475e+07      -653219 -2.06813e+07 -2.11343e+07  -2.1952e+07 -3.85551e+07 -3.19721e+07 -2.95017e+07 -3.29866e+07 -3.67056e+07 -3.77855e+07 -4.11607e+07 -5.89304e+07   -4.397e+07 -3.14152e+07 -2.28749e+07 -2.51845e+07 -2.87002e+07  -1.2203e+07 -2.37173e+07 -3.33031e+07 -3.50843e+07  -1.4682e+07    -1.44e+07 -2.27082e+07 -1.60511e+07  -2.1481e+07 -2.28182e+07 -2.19641e+07 -2.07959e+07 -2.17419e+07 -2.20134e+07 -3.03784e+07 -2.68036e+07 -2.35645e+07 -2.75548e+07 -3.40142e+07 -2.97248e+07 -1.93796e+07  -2.5515e+07 -9.41954e+06 -1.57776e+07 -2.42381e+07 -2.08185e+07 -3.82263e+07 -2.23179e+07 -3.47141e+07 -3.05275e+07 -1.41892e+07 -2.88074e+07 -2.35648e+07 -3.67508e+07 -3.67431e+07 -4.16713e+07 -3.63851e+07 -4.51647e+07 -3.95831e+07 -4.38947e+07 -5.41815e+07 -4.50185e+07 -4.54517e+07 -4.30014e+07 -3.03499e+07 -1.68644e+07 -2.50521e+07 -3.49145e+07   -4.129e+07 -4.56591e+07 -3.86887e+07 -3.57159e+07 -4.23724e+07 -3.58981e+07 -4.85885e+07 -5.10473e+07 -3.39293e+07 -4.70969e+07 -3.15358e+07 -2.40663e+07 -1.95158e+07 -3.05769e+07  -2.5354e+07 -4.11384e+07 -3.05193e+07 -4.47576e+07 -2.74762e+07 -3.73257e+07   -3.508e+07 -2.37867e+07 -3.28649e+07 -2.80425e+07 -2.35061e+08 -7.87808e+07 -2.99402e+07 -6.87608e+07  -5.8924e+07 -3.92165e+07 -7.40928e+07 -8.21859e+07 -4.71886e+07 -1.95965e+07  -1.5158e+07 -1.59319e+07 -1.86632e+07 -1.72101e+07 -6.34801e+06
-1.42586e+07 -7.15118e+07 -1.74186e+09 -6.25072e+07 -7.64123e+07  -6.3685e+07 -5.63722e+07 -3.87739e+07 -3.21436e+07 -4.19174e+07 -3.00034e+07 -4.03938e+07  -3.6756e+07 -2.96677e+07 -3.29727e+07 -2.28281e+07 -2.80303e+07 -2.28419e+07 -1.89489e+07  -2.2553e+07 -2.20858e+07 -2.50217e+07  -2.3977e+07 -1.92532e+07 -3.09583e+07 -3.23728e+07 -2.64593e+07 -3.22101e+07 -2.62501e+07 -2.77776e+07  -4.5748e+07 -2.50396e+07 -2.35985e+07 -2.61363e+07 -3.25218e+07  -2.6177e+07 -2.18962e+07 -2.77394e+06 -2.52502e+07 -2.56514e+07  -2.5242e+07 -4.44946e+07 -3.83194e+07 -3.33842e+07  -4.0631e+07 -4.26013e+07  -1.6234e+08 -6.30552e+07 -8.49558e+07 -5.93307e+07  -3.8695e+07 -2.68617e+07 -3.11046e+07 -3.00747e+07 -1.40124e+07 -2.88574e+07 -4.70688e+07 -4.21664e+07 -2.18174e+07 -1.80286e+07 -2.21416e+07 -2.58161e+07 -3.24149e+07 -2.99551e+07 -2.90735e+07 -1.50453e+07  -2.8712e+07 -1.97561e+07 -3.70744e+07 -3.80673e+07 -3.06427e+07 -3.01489e+07 -4.40223e+07 -3.71418e+07 -3.04015e+07 -3.08965e+07 -1.22161e+07 -1.76608e+07 -3.00607e+07 -2.81002e+07 -4.55214e+07 -2.43552e+07 -4.08716e+07 -3.34745e+07 -1.81721e+07 -3.27423e+07 -2.60604e+07 -4.47017e+07 -4.66163e+07 -5.57388e+07 -4.83419e+07 -5.59345e+07 -4.65664e+07 -1.80813e+08 -1.57373e+08 -9.45195e+07 -6.92929e+07 -5.10087e+07  -4.1163e+07 -1.76419e+07 -3.09527e+07 -3.79848e+07  -5.4987e+07 -5.07976e+07 -4.89895e+07 -4.13144e+07 -5.06792e+07 -6.52415e+07 -7.28146e+07 -7.54731e+07 -4.63345e+07 -5.59934e+07 -3.90592e+07 -2.47395e+07 -2.14942e+07 -3.21234e+07  -3.2415e+07 -5.03256e+07 -3.59097e+07 -5.93977e+07 -3.65996e+07 -4.67807e+07 -3.92069e+07 -2.14798e+07 -3.41798e+07 -3.10238e+07 -4.96359e+07 -4.26585e+07 -2.81917e+07 -4.23329e+07 -4.01671e+07 -3.44984e+07  -4.0073e+07 -5.51041e+07 -3.68887e+07 -1.35917e+07 -1.53707e+07 -1.43939e+07 -1.80219e+07 -1.73454e+07 -7.47498e+06
-6.87989e+06  -2.8146e+07 -6.25072e+07  -6.9038e+08 -3.07486e+08 -1.18978e+08 -8.49706e+07 -4.79977e+07 -1.60335e+07 -4.53378e+07 -1.42017e+07 -3.90512e+07 -2.59976e+07 -1.55675e+07 -1.54444e+07 -1.09782e+07 -1.32614e+07 -1.39988e+07 -5.54127e+06 -8.26945e+06 -1.28443e+07 -1.12722e+07 -1.75301e+07 -1.20782e+07 -1.24947e+07 -1.61001e+07 -1.39985e+07 -1.55428e+07 -1.05148e+07 -1.45985e+07 -3.91133e+07 -2.10915e+07 -1.82437e+07 -9.86685e+06 -1.94558e+07 -1.17832e+07 -9.46169e+06      -353610 -1.92294e+07 -1.27015e+07 -9.51784e+06 -3.70933e+07  -4.7855e+07 -1.91566e+07 -3.75947e+07 -7.12088e+07 -7.92114e+07 -4.66453e+07 -5.72528e+07 -3.62596e+07 -2.67752e+07 -2.16693e+07 -1.79341e+07 -1.82108e+07 -6.65003e+06 -1.70461e+07 -2.84882e+07 -2.53972e+07 -1.24266e+07 -1.79659e+07 -1.57437e+07  -1.2147e+07 -1.70346e+07 -3.03336e+07  -1.9435e+07   -1.475e+07 -1.20779e+07 -8.17465e+06 -2.09153e+07 -2.67118e+07 -1.98253e+07 -1.57851e+07 -2.90554e+07 -1.52085e+07 -1.60185e+07 -1.71393e+07  -1.5569e+07 -1.40607e+07  -1.6159e+07 -1.59249e+07  -3.0468e+07 -2.17235e+07 -2.52078e+07 -1.98173e+07 -1.25458e+07 -1.89397e+07 -1.59656e+07 -3.11504e+07 -3.70375e+07 -4.02536e+07 -3.23556e+07 -3.57468e+07 -2.84658e+07 -3.50331e+07 -4.75653e+07 -4.12904e+07 -3.75141e+07 -3.04912e+07 -2.52691e+07 -9.35885e+06 -2.04717e+07 -2.39517e+07 -3.16038e+07 -2.72332e+07 -2.93051e+07 -2.23287e+07 -2.81372e+07 -3.52112e+07 -4.15982e+07 -4.44064e+07 -2.79641e+07 -3.22235e+07 -2.17023e+07 -1.60935e+07 -9.36273e+06 -2.04585e+07 -1.60567e+07  -2.8538e+07 -1.90992e+07 -3.09439e+07 -2.48429e+07 -2.40904e+07 -2.28141e+07 -1.63619e+07 -1.42764e+07   -1.213e+07  -2.4614e+07 -2.58884e+07 -1.36037e+07  -2.2067e+07  -1.7437e+07 -1.70225e+07 -2.09045e+07 -2.78335e+07 -1.56153e+07 -4.69985e+06 -2.81276e+06 -3.96416e+06 -3.70805e+06 -2.19433e+06      -570747
-1.75983e+07 -4.44122e+07 -7.64123e+07 -3.07486e+08 -1.57979e+09  -2.1082e+08 -9.93131e+07 -6.28793e+07 -3.10129e+07 -6.18167e+07 -2.86609e+07 -5.55766e+07 -4.28047e+07 -3.07239e+07 -3.28468e+07 -2.61056e+07 -2.86999e+07 -2.45017e+07 -1.41961e+07 -2.44483e+07 -2.13679e+07  -2.3276e+07 -2.75958e+07 -2.01987e+07 -2.80153e+07 -3.04225e+07 -2.68213e+07 -3.22073e+07   -2.298e+07 -2.92059e+07 -5.64473e+07  -3.2004e+07 -2.71772e+07 -2.22605e+07 -3.54484e+07 -2.54884e+07 -2.25778e+07 -2.54354e+06  -3.1125e+07 -2.94866e+07  -2.2881e+07 -5.09497e+07 -6.94021e+07 -3.56871e+07 -5.49484e+07 -3.94934e+07 -9.09139e+07 -6.58017e+07 -8.34826e+07 -5.16187e+07 -3.98044e+07  -3.1116e+07 -3.39321e+07 -2.87145e+07 -1.17064e+07 -1.75035e+07 -5.29192e+07 -3.69796e+07 -2.01768e+07 -2.53333e+07 -2.53719e+07  -2.0432e+07 -3.00703e+07 -4.74803e+07 -2.77067e+07 -3.25658e+07 -2.49759e+07 -1.93663e+07 -3.62773e+07 -3.75049e+07 -3.01583e+07 -2.64514e+07 -4.07883e+07 -2.46316e+07 -3.20401e+07 -2.72095e+07  -9.7435e+06 -2.57354e+07 -2.48643e+07    -2.89e+07  -4.7706e+07 -2.67756e+07 -3.60731e+07 -3.57211e+07 -1.42316e+07 -3.68023e+07 -2.72494e+07 -4.90308e+07 -5.75973e+07 -6.16638e+07 -5.09803e+07 -5.81335e+07 -4.83966e+07 -5.55066e+07 -6.84804e+07 -5.18952e+07 -5.71078e+07 -4.84405e+07 -4.49062e+07 -1.93878e+07 -3.96411e+07 -4.48138e+07 -4.73451e+07 -4.50239e+07 -4.19379e+07 -4.00743e+07 -4.65197e+07 -4.38341e+07 -6.21604e+07 -6.46464e+07 -3.93039e+07 -5.44374e+07 -3.28446e+07 -2.59017e+07 -1.57239e+07 -3.33755e+07 -2.93058e+07 -4.84289e+07  -3.8654e+07 -5.33423e+07  -3.7274e+07 -4.44182e+07 -4.18866e+07   -3.089e+07 -3.87905e+07 -3.43865e+07 -3.31285e+07 -3.86797e+07 -3.02963e+07 -3.53964e+07 -3.24604e+07 -3.24754e+07 -3.31975e+07 -5.21926e+07 -3.25506e+07  -1.3168e+07 -1.35216e+07 -1.20266e+07 -1.71819e+07  -1.5746e+07 -8.21886e+06
 -1.9361e+07 -3.99496e+07  -6.3685e+07 -1.18978e+08  -2.1082e+08 -1.16428e+09 -1.80605e+08  -7.1283e+07 -3.85137e+07 -7.80511e+07 -3.47813e+07 -6.80914e+07 -5.39782e+07 -3.18976e+07 -3.29187e+07 -2.55514e+07 -2.98667e+07 -3.12022e+07 -1.73026e+07 -3.09875e+07 -2.96327e+07 -2.94515e+07 -3.09798e+07 -2.24568e+07 -3.19646e+07 -3.49457e+07 -3.32193e+07 -3.60695e+07 -2.65792e+07 -3.58429e+07 -6.70634e+07 -3.76014e+07 -3.14272e+07 -2.96796e+07 -4.07604e+07 -3.17984e+07 -2.82233e+07  -3.9855e+06 -3.46438e+07 -3.25166e+07 -2.85251e+07 -8.02752e+07 -3.11578e+07  -3.0184e+07  -3.6302e+07 -3.17568e+07 -6.96804e+07 -5.45814e+07 -7.52908e+07 -4.74127e+07 -3.51606e+07 -2.73246e+07 -2.91494e+07 -2.98357e+07 -1.47644e+07 -1.94974e+07 -4.47807e+07 -4.13739e+07 -1.78617e+07 -1.79006e+07 -2.15198e+07 -2.07443e+07 -2.68118e+07 -3.10341e+07 -2.02864e+07 -2.76524e+07 -2.00818e+07 -1.59945e+07 -3.68021e+07 -3.46098e+07 -2.77547e+07 -2.93908e+07 -4.15289e+07 -2.99336e+07 -2.64799e+07 -2.85496e+07 -2.02345e+07 -2.08718e+07 -2.75889e+07 -2.57866e+07 -4.44299e+07 -2.29339e+07 -3.54467e+07 -3.31082e+07 -1.25508e+07  -3.4305e+07 -2.94159e+07 -4.69475e+07 -5.41117e+07 -5.44627e+07 -4.99782e+07 -5.38263e+07 -4.86793e+07 -4.65809e+07  -5.6589e+07 -4.28818e+07 -5.19915e+07 -4.77783e+07 -4.13022e+07  -1.4968e+07 -3.10584e+07 -4.43127e+07  -4.1912e+07 -4.47311e+07 -3.93571e+07 -3.66703e+07 -4.54346e+07 -3.56113e+07 -5.09216e+07 -5.74423e+07 -3.54747e+07  -5.1916e+07 -3.63722e+07 -2.37044e+07 -1.69853e+07 -3.20413e+07 -2.85184e+07 -4.63103e+07 -3.86405e+07 -4.79963e+07 -3.36138e+07 -4.29424e+07 -3.95088e+07 -2.82076e+07 -3.96022e+07 -3.57673e+07  -2.7007e+07 -3.43351e+07 -3.02934e+07 -3.40927e+07 -3.47936e+07 -3.38279e+07 -2.99515e+07 -5.28569e+07 -3.25902e+07  -1.5475e+07 -1.65607e+07 -1.32013e+07 -1.87799e+07 -1.70223e+07 -9.39925e+06
-1.51972e+07 -3.32761e+07 -5.63722e+07 -8.49706e+07 -9.93131e+07 -1.80605e+08 -1.02473e+09 -8.50735e+07 -3.50714e+07 -8.50152e+07 -3.36345e+07 -8.34746e+07 -5.82343e+07 -3.21776e+07 -3.25759e+07 -2.25069e+07 -3.03785e+07 -2.31969e+07 -2.04371e+07 -1.98689e+07  -2.2714e+07 -2.45476e+07  -3.3776e+07 -2.49154e+07 -2.73391e+07 -3.26599e+07 -2.77084e+07 -3.28671e+07 -2.30753e+07 -3.38463e+07 -1.03473e+08 -3.35745e+07 -3.13416e+07 -2.34996e+07 -3.68101e+07 -2.63845e+07 -2.00124e+07 -4.83848e+06 -2.88917e+07 -2.80019e+07 -2.43125e+07 -5.97222e+07 -3.41222e+07 -2.91502e+07 -3.74291e+07 -3.18074e+07 -5.79386e+07   -4.669e+07 -6.23664e+07 -4.17358e+07 -3.07575e+07 -2.05309e+07 -1.92459e+07 -2.47613e+07 -1.38311e+07 -2.40692e+07 -3.68368e+07 -4.05399e+07 -1.85282e+07 -1.95257e+07 -2.74751e+07 -1.43709e+07 -1.93433e+07 -2.78879e+07 -2.51585e+07 -1.70277e+07 -1.35394e+07 -2.14544e+07 -2.69476e+07 -2.80289e+07 -2.18502e+07 -2.20155e+07 -3.04688e+07 -2.66404e+07 -2.04843e+07 -2.45171e+07 -2.02484e+07 -1.45292e+07 -1.86298e+07 -1.93529e+07 -3.87705e+07 -2.53667e+07 -2.76794e+07 -2.62682e+07 -1.26744e+07  -2.5448e+07 -2.18445e+07 -3.86262e+07 -4.52833e+07 -4.69288e+07 -3.80143e+07 -4.71249e+07 -3.89957e+07 -3.99497e+07 -4.69097e+07 -3.60621e+07 -4.09917e+07 -3.89609e+07 -3.07954e+07 -8.70505e+06 -2.83739e+07 -3.17295e+07 -3.56904e+07 -3.68787e+07 -2.99518e+07 -2.94271e+07 -3.70994e+07 -3.23125e+07 -4.35277e+07 -4.45677e+07 -2.85949e+07 -3.97483e+07 -2.55621e+07 -2.11449e+07 -1.26071e+07 -2.73143e+07 -2.07222e+07 -3.65507e+07 -2.96881e+07 -3.94483e+07 -2.81585e+07  -3.2005e+07 -3.13467e+07 -2.32888e+07 -2.70018e+07 -2.50775e+07 -2.40442e+07 -2.89343e+07 -2.39905e+07 -2.82913e+07 -2.78352e+07  -2.8723e+07 -2.41495e+07 -3.87177e+07 -2.48769e+07 -1.08955e+07 -1.14766e+07 -1.03105e+07 -1.29794e+07 -1.08031e+07 -6.02267e+06
-1.61117e+07 -2.72166e+07 -3.87739e+07 -4.79977e+07 -6.28793e+07  -7.1283e+07 -8.50735e+07 -6.48938e+08 -4.62934e+07 -2.26037e+08 -4.14723e+07 -1.36658e+08 -9.03288e+07 -4.07213e+07 -3.73616e+07 -2.69442e+07  -3.2226e+07  -3.0254e+07 -2.04978e+07 -2.65739e+07 -2.41223e+07  -2.9616e+07 -3.88169e+07 -2.64197e+07 -3.36365e+07 -3.72814e+07  -3.4508e+07 -3.80519e+07 -3.05192e+07  -4.3257e+07 -4.17964e+07 -2.17763e+07 -2.40302e+07 -2.82051e+07  -3.3792e+07 -2.82186e+07 -2.26607e+07 -7.93873e+06 -1.94463e+07  -2.2801e+07 -2.40791e+07 -4.44659e+07  -3.1518e+07 -3.03778e+07 -3.51127e+07 -3.33889e+07 -4.11768e+07 -3.58144e+07 -5.16721e+07 -3.37668e+07 -2.79579e+07 -1.83994e+07 -1.99796e+07 -2.26339e+07  -3.6345e+06 -1.89776e+07 -3.13489e+07 -2.49938e+07 -1.38042e+07 -2.14422e+07 -1.69401e+07 -1.41007e+07 -2.15514e+07 -2.27607e+07 -1.30038e+07 -1.78903e+07 -1.55617e+07 -1.13189e+07 -2.35647e+07 -2.47823e+07 -2.07822e+07 -1.87246e+07 -2.93439e+07 -1.87359e+07 -1.93003e+07 -1.90636e+07 -1.71426e+07 -1.46341e+07 -1.79092e+07 -1.80426e+07  -3.2907e+07 -1.76394e+07 -2.82377e+07 -2.64018e+07 -6.60388e+06 -2.54189e+07 -2.19598e+07  -3.4263e+07  -3.7018e+07 -3.79388e+07 -3.08836e+07 -4.05911e+07 -3.79759e+07 -2.88381e+07 -3.23359e+07 -2.42219e+07 -3.51845e+07 -3.44363e+07 -2.95951e+07 -1.09825e+07 -2.49398e+07  -2.9132e+07 -2.96144e+07  -3.3876e+07 -2.68609e+07 -2.66351e+07 -3.60526e+07 -2.14757e+07 -3.38055e+07 -3.61767e+07 -2.48687e+07 -3.70104e+07 -2.59703e+07  -2.0818e+07 -1.31402e+07 -2.40163e+07 -2.00272e+07 -3.49253e+07 -3.03556e+07 -3.35826e+07 -2.41659e+07 -3.08414e+07 -2.96557e+07 -2.24244e+07 -3.08229e+07 -2.81788e+07 -1.74439e+07 -2.40919e+07 -2.33276e+07 -2.33179e+07 -2.47734e+07 -2.63278e+07 -2.05555e+07 -3.53211e+07 -2.37792e+07 -1.28688e+07 -1.32933e+07 -1.08542e+07 -1.52202e+07 -1.30846e+07 -7.20221e+06
-3.29783e+07 -2.89918e+07 -3.21436e+07 -1.60335e+07 -3.10129e+07 -3.85137e+07 -3.50714e+07 -4.62934e+07 -7.91715e+08 -4.09443e+07 -4.73572e+07 -4.40167e+07  -5.4789e+07 -4.64973e+07  -5.1873e+07 -4.47197e+07 -4.50179e+07 -4.60326e+07  -3.7202e+07 -4.16546e+07   -3.954e+07 -4.73962e+07 -3.28184e+07 -2.39087e+07 -5.70096e+07 -5.66831e+07 -4.53427e+07 -6.19098e+07 -4.94068e+07 -5.05899e+07 -4.45872e+07 -3.21449e+07 -2.92987e+07 -5.85155e+07 -6.10539e+07 -5.33706e+07 -5.15946e+07 -1.31593e+07 -3.50481e+07 -4.89358e+07 -4.90718e+07 -6.74365e+07 -4.23923e+07 -5.47155e+07 -5.74925e+07 -5.45093e+07 -3.09405e+07  -2.8257e+07 -6.54598e+07 -4.13447e+07 -3.54327e+07 -2.20122e+07 -3.35486e+07 -3.33231e+07 -1.34257e+07 -2.19164e+07 -3.95356e+07 -3.41794e+07 -1.72175e+07 -1.86151e+07 -3.40127e+07 -2.41221e+07 -3.31751e+07 -3.49654e+07 -2.76834e+07 -3.23064e+07  -2.1798e+07 -2.58089e+07 -3.84868e+07 -2.84755e+07 -2.38997e+07 -3.08202e+07 -4.77313e+07 -2.52468e+07 -2.66616e+07 -2.95573e+07 -1.48486e+07 -2.45833e+07 -2.68317e+07 -3.15118e+07 -4.75573e+07 -2.00029e+07  -4.5059e+07 -4.10529e+07 -5.74215e+06 -4.27743e+07 -3.53843e+07 -4.99109e+07  -3.7209e+07 -4.74832e+07 -4.73746e+07 -5.97508e+07 -5.54216e+07 -2.39796e+07 -2.75945e+07 -1.40944e+07 -4.27959e+07 -5.59126e+07 -4.18109e+07 -2.42391e+07 -4.88596e+07 -4.79959e+07 -3.60335e+07 -5.39859e+07 -3.21804e+07 -4.53565e+07 -5.44428e+07 -1.52486e+07 -3.95152e+07 -4.29235e+07 -2.78201e+07 -5.58567e+07  -4.0547e+07 -3.49219e+07 -2.31893e+07 -3.97317e+07 -3.44548e+07 -5.36724e+07 -5.03066e+07 -5.19812e+07 -2.71221e+07 -5.05111e+07 -4.69346e+07 -3.45081e+07 -6.12357e+07 -5.62191e+07 -1.43922e+07 -2.92588e+07 -4.47813e+07 -3.26162e+07 -4.23048e+07 -5.02723e+07 -2.95483e+07  -6.8001e+07 -4.51856e+07 -2.83189e+07 -3.56406e+07 -2.52969e+07 -4.34859e+07 -3.53526e+07 -2.41734e+07
-2.56803e+07 -3.23066e+07 -4.19174e+07 -4.53378e+07 -6.18167e+07 -7.80511e+07 -8.50152e+07 -2.26037e+08 -4.09443e+07 -1.08134e+09 -5.90044e+07 -2.39064e+08  -1.2309e+08 -5.48021e+07 -5.49846e+07 -4.16518e+07 -4.78668e+07 -4.81878e+07 -3.13506e+07 -3.79261e+07 -3.68802e+07 -4.49708e+07 -5.18833e+07 -3.47252e+07 -5.12855e+07 -5.76339e+07 -4.87277e+07 -5.78168e+07 -4.68579e+07 -5.48139e+07 -4.84899e+07  -3.4175e+07 -3.21668e+07 -4.43166e+07 -4.94132e+07 -4.39199e+07 -2.60581e+07  -7.2609e+06 -3.28409e+07 -3.75431e+07 -3.84876e+07  -6.4863e+07 -4.21382e+07  -4.4889e+07 -4.78689e+07 -4.93781e+07 -4.45752e+07 -4.18065e+07  -6.6702e+07 -4.19714e+07 -3.92696e+07 -2.54329e+07 -2.99395e+07 -3.12639e+07 -7.17374e+06 -2.31553e+07 -4.06842e+07 -4.35228e+07 -2.33548e+07 -2.23077e+07 -2.69336e+07 -1.79371e+07 -2.65503e+07 -3.35513e+07 -1.91719e+07 -1.58599e+07 -1.86211e+07 -1.91084e+07 -3.23021e+07 -3.32516e+07 -2.42419e+07  -2.9515e+07 -3.66263e+07  -2.6636e+07 -2.50232e+07 -2.97709e+07 -1.99258e+07 -2.28122e+07  -2.6051e+07  -3.0156e+07 -4.22239e+07 -2.05591e+07 -3.96956e+07 -3.55876e+07 -1.05037e+07 -3.51825e+07 -2.91389e+07 -4.69709e+07 -4.38002e+07 -4.63052e+07 -4.36162e+07  -5.3784e+07 -5.09632e+07 -3.18807e+07 -3.73767e+07 -2.54258e+07 -4.40863e+07 -4.74729e+07 -4.09978e+07 -1.59863e+07 -3.25064e+07 -4.24636e+07  -3.5157e+07 -4.76426e+07 -3.56554e+07 -3.71936e+07 -4.90479e+07  -2.3903e+07 -4.27379e+07 -4.35111e+07 -3.05386e+07 -4.97004e+07  -3.5675e+07 -3.00062e+07 -1.73149e+07 -3.43406e+07 -2.95964e+07  -4.8107e+07 -4.19544e+07 -4.69653e+07 -2.86336e+07 -4.38252e+07 -4.14032e+07 -3.00432e+07  -4.8782e+07 -4.34672e+07 -1.85585e+07 -3.18156e+07 -3.53311e+07 -3.20672e+07 -3.73062e+07 -3.94927e+07 -2.74682e+07 -5.30668e+07 -3.63534e+07 -2.09041e+07 -2.31163e+07 -1.71832e+07 -2.72578e+07 -2.51795e+07 -1.43782e+07
-3.17453e+07 -2.47586e+07 -3.00034e+07 -1.42017e+07 -2.86609e+07 -3.47813e+07 -3.36345e+07 -4.14723e+07 -4.73572e+07 -5.90044e+07  -9.1488e+08 -7.62339e+07 -5.85188e+07 -5.16986e+07 -5.88918e+07  -5.3855e+07  -5.4334e+07 -5.11909e+07   -4.092e+07 -4.80894e+07 -4.86412e+07 -5.21586e+07 -4.02382e+07 -2.93353e+07 -6.68861e+07 -6.41051e+07 -5.11181e+07 -6.72493e+07 -5.55409e+07  -5.3226e+07 -4.84059e+07  -3.3632e+07 -3.01745e+07 -5.56249e+07 -6.23267e+07 -5.20231e+07 -5.60297e+07 -1.39865e+07 -3.46923e+07 -4.70081e+07 -4.81182e+07 -6.78063e+07 -4.05693e+07 -5.32189e+07 -5.48195e+07 -5.63086e+07 -2.97175e+07 -2.64118e+07 -6.07574e+07 -4.03331e+07 -3.70124e+07 -2.34464e+07 -3.56711e+07 -3.52712e+07 -1.32115e+07 -2.65365e+07 -3.69323e+07 -3.86605e+07  -1.8829e+07 -1.87065e+07 -3.61522e+07 -2.03807e+07  -3.2829e+07 -3.38383e+07 -1.06288e+07 -3.15787e+07 -1.90381e+07 -2.40064e+07 -3.56794e+07 -2.81196e+07 -2.29285e+07 -3.02267e+07 -4.06977e+07 -3.12705e+07 -2.88819e+07 -2.27216e+07 -1.98757e+07 -2.13831e+07 -3.23942e+07 -3.36456e+07 -4.50794e+07 -2.05991e+07  -4.5255e+07 -4.08482e+07 -6.87946e+06 -4.18432e+07 -3.49129e+07 -5.12372e+07 -3.52926e+07 -4.42409e+07 -4.78719e+07 -5.84619e+07 -5.52127e+07 -2.11113e+07 -2.53232e+07 -1.16208e+07 -4.21273e+07 -5.54385e+07 -4.08642e+07 -2.13008e+07 -4.20426e+07 -4.82079e+07  -3.2123e+07 -5.09778e+07 -3.03154e+07  -4.5221e+07 -5.19749e+07 -1.21788e+07 -3.64701e+07 -3.95587e+07 -2.35654e+07 -5.20614e+07 -3.94579e+07  -3.5813e+07 -2.07477e+07 -3.73577e+07 -3.30024e+07 -5.10302e+07 -5.16409e+07 -4.84561e+07 -2.42805e+07 -4.89772e+07 -4.58879e+07 -3.20474e+07 -6.05081e+07 -5.72823e+07 -1.10241e+07 -2.85601e+07 -4.55839e+07 -3.11497e+07 -4.30805e+07 -4.95456e+07  -2.7505e+07 -6.15202e+07 -4.46759e+07 -2.75344e+07 -3.57806e+07 -2.39733e+07 -4.09954e+07 -3.56568e+07 -2.36305e+07
-2.93949e+07 -3.32236e+07 -4.03938e+07 -3.90512e+07 -5.55766e+07 -6.80914e+07 -8.34746e+07 -1.36658e+08 -4.40167e+07 -2.39064e+08 -7.62339e+07 -1.32379e+09  -1.9337e+08 -6.27495e+07 -6.82664e+07 -5.37081e+07 -5.96606e+07 -5.82525e+07 -3.93456e+07 -5.30027e+07 -4.64647e+07 -5.55991e+07 -6.03349e+07 -4.77365e+07 -6.74886e+07 -7.40919e+07 -5.82474e+07 -7.31071e+07 -6.07893e+07 -6.16365e+07  -5.4211e+07 -3.82974e+07 -3.48604e+07 -4.81902e+07  -5.5999e+07 -4.84849e+07 -3.85915e+07 -9.04118e+06 -3.67394e+07 -4.46813e+07 -4.31149e+07 -6.84457e+07 -4.29393e+07  -4.9945e+07 -5.28115e+07 -5.42003e+07 -4.25345e+07 -3.99667e+07 -6.59888e+07 -4.44263e+07 -4.19363e+07 -2.87708e+07 -3.41816e+07  -3.5667e+07 -1.44816e+07 -2.21253e+07 -3.94592e+07 -4.78646e+07 -1.85314e+07 -1.52839e+07 -3.11552e+07 -2.35347e+07 -3.01359e+07 -3.56966e+07  -2.5257e+07 -3.25286e+07 -2.13973e+07 -2.57952e+07  -3.1462e+07 -3.33141e+07 -3.04238e+07  -2.8678e+07 -4.40936e+07 -3.27482e+07 -2.54801e+07 -3.03512e+07 -1.96629e+07 -2.12797e+07 -2.43197e+07  -3.2675e+07 -4.72439e+07 -2.13438e+07 -4.17358e+07 -3.82417e+07  -1.1308e+07 -4.19154e+07 -2.95324e+07 -4.91141e+07 -4.17671e+07 -4.88893e+07 -4.69805e+07 -5.85216e+07  -5.4817e+07   -3.017e+07 -3.54199e+07 -2.36145e+07 -4.57169e+07 -5.05855e+07 -4.18628e+07 -1.50749e+07 -4.17319e+07 -4.86423e+07 -3.74273e+07 -5.08012e+07 -3.44532e+07 -4.14603e+07 -4.97203e+07 -2.32292e+07 -4.13094e+07 -4.38849e+07 -3.03488e+07 -5.54934e+07 -3.86624e+07 -3.13295e+07 -1.95493e+07 -3.67845e+07 -3.16363e+07 -4.88881e+07  -4.7123e+07 -5.04775e+07 -2.96963e+07 -4.72547e+07 -4.56086e+07  -3.2786e+07 -5.41834e+07 -4.89129e+07 -1.75822e+07 -3.10986e+07 -4.06845e+07 -3.38497e+07 -4.03422e+07 -4.51673e+07 -2.82282e+07 -5.60201e+07 -3.92241e+07 -2.45393e+07 -2.80568e+07 -2.03368e+07  -3.1819e+07 -2.98141e+07 -1.67129e+07
-3.35298e+07   -3.171e+07  -3.6756e+07 -2.59976e+07 -4.28047e+07 -5.39782e+07 -5.82343e+07 -9.03288e+07  -5.4789e+07  -1.2309e+08 -5.85188e+07  -1.9337e+08 -1.44389e+09 -7.09349e+07 -7.64916e+07 -7.07575e+07 -8.03646e+07 -7.24956e+07 -5.44619e+07 -6.57916e+07 -6.64785e+07 -6.43513e+07 -9.03536e+07 -6.14689e+07 -9.02493e+07 -9.93793e+07 -7.32795e+07  -9.6485e+07  -8.1926e+07 -1.03929e+08 -5.54803e+07 -3.91306e+07 -3.57536e+07 -5.36836e+07 -6.34968e+07 -5.53658e+07 -4.55211e+07  -1.2424e+07 -3.86781e+07 -4.69053e+07 -4.72039e+07 -7.10351e+07 -4.49703e+07 -5.72291e+07 -5.81904e+07 -6.01402e+07 -3.50622e+07 -3.30423e+07 -6.82415e+07 -4.54112e+07 -4.35021e+07 -2.50819e+07 -3.83699e+07 -4.15051e+07 -1.53789e+07 -3.17377e+07 -4.81561e+07 -4.39506e+07 -2.38328e+07 -1.64548e+07 -3.58422e+07 -2.92522e+07  -3.1035e+07 -3.47783e+07 -2.26298e+07 -3.80283e+07  -1.9793e+07 -2.52415e+07 -4.48818e+07 -3.69073e+07 -2.92677e+07 -3.70945e+07 -4.99577e+07 -2.13118e+07 -2.78503e+07 -3.23355e+07 -2.02493e+07 -3.05873e+07 -3.09663e+07 -2.98965e+07  -4.8681e+07 -2.00968e+07 -4.68813e+07 -4.40349e+07 -8.98383e+06 -4.28617e+07 -3.51363e+07 -5.23939e+07 -3.92907e+07 -4.77409e+07 -4.89203e+07  -6.2863e+07 -5.97233e+07 -2.46417e+07 -2.74726e+07 -1.74407e+07 -4.69588e+07 -5.50218e+07 -4.57521e+07  -1.5088e+07 -4.76904e+07 -5.28031e+07 -3.75995e+07 -5.56318e+07 -3.41615e+07 -4.46121e+07 -5.34462e+07 -1.70469e+07 -4.17918e+07 -4.40286e+07  -2.8116e+07 -5.91951e+07 -4.23407e+07 -3.50393e+07 -2.10435e+07 -4.04613e+07 -3.19786e+07 -5.73404e+07 -5.25611e+07 -5.28427e+07 -2.80202e+07 -5.17208e+07 -4.74964e+07 -3.42078e+07  -6.3053e+07 -5.85801e+07 -1.46635e+07 -3.15746e+07 -4.77683e+07 -3.59712e+07 -4.50521e+07 -5.13492e+07 -2.87361e+07 -6.29832e+07 -4.66461e+07 -2.85057e+07 -3.41804e+07 -2.47816e+07  -4.1013e+07 -3.40001e+07 -2.20536e+07
-2.93127e+07 -2.68473e+07 -2.96677e+07 -1.55675e+07 -3.07239e+07 -3.18976e+07 -3.21776e+07 -4.07213e+07 -4.64973e+07 -5.48021e+07 -5.16986e+07 -6.27495e+07 -7.09349e+07 -1.77793e+09 -2.00807e+08 -9.07651e+07 -1.22521e+08 -1.03171e+08 -7.90251e+07 -1.01804e+08 -8.52636e+07  -6.4825e+07 -1.86458e+08 -8.14906e+07 -1.07169e+08  -1.2095e+08  -9.0001e+07 -1.19804e+08  -8.2991e+07 -5.05837e+07 -4.43916e+07 -3.15509e+07 -3.17008e+07 -4.55622e+07 -5.14256e+07 -4.60339e+07  -4.0395e+07  -7.9327e+06 -3.21591e+07 -3.86832e+07 -3.93691e+07 -5.65107e+07 -3.93132e+07 -4.92724e+07 -5.13678e+07  -5.1076e+07 -2.61719e+07 -2.62501e+07 -5.50543e+07 -3.96281e+07 -3.39408e+07 -1.94253e+07 -2.70647e+07 -3.05199e+07 -1.13977e+07 -1.88443e+07 -3.51803e+07 -4.16517e+07 -1.31357e+07 -1.31118e+07 -2.62348e+07 -1.85309e+07 -3.17471e+07 -3.35706e+07 -8.43711e+06 -2.84786e+07 -1.66761e+07   -1.507e+07 -3.18344e+07 -2.73586e+07 -1.77759e+07 -2.89827e+07 -4.11925e+07 -1.65162e+07 -1.96516e+07 -2.04421e+07 -9.73928e+06 -1.77468e+07  -3.5377e+07 -2.46526e+07 -4.29014e+07 -1.83419e+07  -3.8012e+07 -4.04204e+07 -6.51389e+06 -3.69375e+07 -2.78251e+07 -4.34489e+07 -3.20295e+07 -3.90408e+07 -3.97116e+07 -5.30534e+07 -5.03623e+07 -2.09902e+07  -2.2192e+07 -1.28327e+07  -3.7979e+07 -4.69064e+07 -4.12465e+07 -1.74488e+07 -3.69748e+07 -4.35913e+07 -3.17606e+07 -4.64667e+07 -3.12064e+07 -3.77871e+07 -4.76493e+07 -1.32362e+07 -3.27236e+07  -3.8373e+07 -2.34849e+07 -5.03473e+07   -3.693e+07  -3.1067e+07 -2.28791e+07 -3.66586e+07 -2.88602e+07 -4.64036e+07 -4.81946e+07  -4.5182e+07 -2.37594e+07 -4.60089e+07 -4.20228e+07 -3.06522e+07 -5.66343e+07 -5.28058e+07  -1.2267e+07 -2.64576e+07 -4.02215e+07  -2.9091e+07 -3.76346e+07 -4.40342e+07 -2.50877e+07 -5.84133e+07 -4.15289e+07 -2.54271e+07  -3.1991e+07 -2.22796e+07 -3.73293e+07 -3.09218e+07 -1.92289e+07
-3.11355e+07 -2.71191e+07 -3.29727e+07 -1.54444e+07 -3.28468e+07 -3.29187e+07 -3.25759e+07 -3.73616e+07  -5.1873e+07 -5.49846e+07 -5.88918e+07 -6.82664e+07 -7.64916e+07 -2.00807e+08 -2.99211e+09 -8.05054e+07 -2.49917e+08 -1.91241e+08  -1.1811e+08 -1.84829e+08 -1.36307e+08 -1.80799e+08 -1.01612e+08 -8.13777e+07 -1.06973e+08 -1.14901e+08 -9.51105e+07 -1.16829e+08 -8.80675e+07 -6.46897e+07 -5.10952e+07  -3.5654e+07 -3.13478e+07 -4.79105e+07 -5.89247e+07 -5.03418e+07 -5.13292e+07 -1.25113e+07 -3.40631e+07 -4.00445e+07 -4.44572e+07 -6.16725e+07 -4.24241e+07  -5.2476e+07 -5.54023e+07 -5.63642e+07  -3.0604e+07  -2.9805e+07 -6.14626e+07 -4.38079e+07 -4.46829e+07  -2.6241e+07 -3.30825e+07 -3.26264e+07 -7.17027e+06 -1.54252e+07 -4.90974e+07 -4.56452e+07 -2.61959e+07 -1.81841e+07 -2.60317e+07 -2.45274e+07 -3.74144e+07  -2.6221e+07 -2.35097e+07 -2.34108e+07 -2.32784e+07 -2.59589e+07 -3.74082e+07 -3.68514e+07 -2.40286e+07 -3.47406e+07 -3.53977e+07  -2.8733e+07 -2.08034e+07 -2.70535e+07 -1.48674e+07 -3.11346e+07 -2.45391e+07 -2.65451e+07 -4.95232e+07 -2.26171e+07 -4.30092e+07 -3.81926e+07 -4.83064e+06 -4.13122e+07 -3.51843e+07 -4.60888e+07 -3.33092e+07 -4.19239e+07 -4.65304e+07 -5.90986e+07 -5.43315e+07 -2.15662e+07 -3.07546e+07 -1.42969e+07 -4.16849e+07 -5.32496e+07  -4.3415e+07 -1.44231e+07 -4.79365e+07  -5.5794e+07 -3.49769e+07 -5.33854e+07 -3.27598e+07 -4.40041e+07 -5.44018e+07 -1.38527e+07 -3.66603e+07 -4.37191e+07 -2.61325e+07 -5.56131e+07   -4.268e+07 -3.86179e+07 -1.91767e+07 -4.55516e+07 -3.09371e+07 -5.11779e+07 -5.21034e+07 -4.78585e+07 -2.41915e+07 -4.82908e+07 -4.60053e+07 -3.31107e+07 -6.12106e+07 -5.61641e+07 -1.27636e+07 -2.81053e+07 -4.28273e+07 -3.10226e+07  -4.1691e+07 -4.66717e+07 -2.79853e+07 -6.42682e+07  -4.5477e+07 -2.68104e+07  -3.7038e+07 -2.48068e+07 -4.47839e+07  -3.5202e+07 -2.15467e+07
-2.79187e+07 -2.10952e+07 -2.28281e+07 -1.09782e+07 -2.61056e+07 -2.55514e+07 -2.25069e+07 -2.69442e+07 -4.47197e+07 -4.16518e+07  -5.3855e+07 -5.37081e+07 -7.07575e+07 -9.07651e+07 -8.05054e+07 -4.02129e+09 -3.99322e+08 -1.74731e+08 -1.48509e+08 -1.48969e+08 -1.33317e+08 -8.74118e+07 -6.72525e+07 -5.02903e+07 -8.25183e+07 -8.30503e+07 -7.24631e+07 -9.02673e+07 -6.94706e+07 -5.79758e+07 -4.27231e+07 -3.20981e+07 -2.74617e+07 -4.41008e+07 -5.59113e+07 -4.59953e+07  -7.4872e+07 -1.16428e+07 -3.11885e+07 -3.99987e+07 -3.94259e+07  -5.5338e+07 -3.71661e+07  -4.9763e+07 -5.38981e+07  -5.2496e+07 -2.43632e+07 -2.14956e+07 -5.26641e+07 -3.64787e+07 -4.44047e+07 -2.57254e+07  -3.3101e+07 -3.75191e+07 -8.13801e+06 -1.32132e+07 -4.30125e+07 -3.39751e+07 -1.20603e+07 -1.61767e+07 -2.32077e+07 -2.11371e+07 -3.44887e+07 -3.25192e+07 -1.51982e+07 -2.24167e+07 -1.64255e+07 -2.35731e+07 -4.03155e+07 -3.35729e+07 -2.65094e+07 -2.66236e+07 -4.30762e+07 -2.79117e+07 -4.31364e+07 -2.43377e+07 -1.40164e+07 -1.69109e+07 -2.79859e+07 -2.41069e+07 -4.26398e+07  -1.8087e+07 -4.24169e+07 -4.36802e+07 -8.33351e+06 -3.92394e+07 -3.23802e+07 -4.33435e+07 -3.13285e+07 -3.71293e+07 -3.80967e+07 -4.52889e+07 -4.78407e+07 -1.87601e+07 -2.63632e+07 -8.21347e+06 -3.76146e+07  -4.8504e+07 -3.53238e+07  -1.7889e+07 -2.79683e+07 -4.85429e+07  -2.8862e+07 -4.79313e+07 -2.90961e+07 -3.95911e+07 -4.95482e+07 -1.19936e+07 -3.18499e+07 -3.62566e+07  -2.3652e+07 -4.88143e+07 -3.86669e+07 -3.62937e+07 -2.12563e+07 -3.99828e+07 -2.89692e+07 -4.70581e+07  -5.2885e+07 -4.37995e+07 -2.08595e+07 -4.40309e+07 -4.10449e+07 -2.91327e+07  -5.6071e+07 -5.38331e+07  -8.9512e+06 -2.35292e+07 -4.11149e+07 -3.01907e+07 -3.68652e+07 -4.43979e+07 -2.47006e+07 -5.67137e+07 -4.41308e+07 -2.47923e+07 -3.34445e+07 -2.26633e+07 -3.92594e+07 -3.31244e+07 -2.03012e+07
-2.76559e+07 -2.45422e+07 -2.80303e+07 -1.32614e+07 -2.86999e+07 -2.98667e+07 -3.03785e+07  -3.2226e+07 -4.50179e+07 -4.78668e+07  -5.4334e+07 -5.96606e+07 -8.03646e+07 -1.22521e+08 -2.49917e+08 -3.99322e+08 -6.18444e+09 -4.05599e+08 -1.94131e+08 -2.53772e+08 -1.25802e+08 -1.12071e+08 -9.00717e+07 -8.86855e+07 -9.39372e+07 -9.84073e+07 -8.43731e+07 -1.02862e+08 -7.73516e+07 -5.64877e+07 -4.42116e+07 -3.17737e+07 -3.38274e+07 -4.37656e+07 -5.50797e+07 -4.38784e+07 -5.65866e+07 -1.46622e+07   -3.244e+07 -4.10378e+07 -3.77724e+07 -5.59846e+07 -3.71553e+07 -5.21556e+07 -5.36993e+07 -5.52295e+07 -3.09783e+07 -2.79309e+07 -5.84208e+07 -4.27044e+07 -3.52241e+07 -2.75646e+07 -3.05979e+07 -3.32797e+07 -1.10366e+07 -2.35208e+07 -4.66239e+07 -4.66016e+07 -3.96911e+07 -2.57314e+07 -3.97886e+07 -2.06589e+07 -3.08762e+07 -3.52632e+07 -2.88359e+07 -2.26707e+07 -1.52899e+07 -2.56719e+07 -3.88226e+07  -3.7521e+07 -3.56429e+07 -3.08619e+07 -5.09957e+07 -3.01273e+07 -2.67192e+07 -3.05367e+07 -2.38759e+07 -1.68239e+07 -3.02552e+07 -2.84258e+07 -4.29869e+07 -1.73447e+07 -4.48223e+07 -3.85519e+07 -1.15326e+07 -3.87076e+07 -3.56385e+07 -4.38999e+07 -3.43688e+07 -3.90734e+07  -4.9186e+07 -4.97117e+07 -4.92168e+07 -2.11223e+07 -2.32947e+07 -1.21921e+07  -3.8766e+07 -5.00967e+07 -3.94772e+07 -5.64577e+06 -3.78951e+07 -5.07385e+07 -3.22947e+07 -5.25121e+07 -3.35141e+07 -4.38084e+07 -5.05219e+07 -1.17771e+07 -3.51027e+07 -3.62198e+07 -2.61861e+07 -5.12453e+07 -4.10009e+07 -3.63185e+07 -1.75574e+07 -4.10515e+07 -3.38697e+07 -5.13497e+07 -5.26089e+07 -4.61264e+07 -2.44232e+07 -4.39057e+07  -4.3283e+07  -3.0682e+07 -5.52583e+07 -5.36191e+07 -1.10999e+07 -2.44297e+07 -4.02932e+07  -2.9693e+07 -3.61168e+07  -4.5994e+07 -2.51617e+07 -5.43458e+07  -4.1334e+07 -2.39408e+07 -3.25309e+07 -2.37112e+07 -3.92254e+07 -3.23996e+07 -2.02867e+07
