
72

(((((((((dipodomys_ordii:0.1228368286,(jaculus_jaculus:0.0987855231,((((mus_pahari:0.0175259976,((mus_spretus:0.0040654770,mus_musculus:0.0038852957):0.004995188831,mus_caroli:0.0085655267):0.009514995184):0.02062970157,rattus_norvegicus:0.0391728622)'B(0.072,0.16)':0.03354393588,((microtus_ochrogaster:0.0496474781,peromyscus_maniculatus_bairdii:0.0397526376):0.002992106461,(cricetulus_griseus_chok1gshd:0.0273205144,mesocricetus_auratus:0.0297457297):0.01776048292):0.01320242033):0.04318008092,nannospalax_galili:0.0700761733):0.02303975423):0.02299485616)'B(0.407,0.592)':0.011861434,(((octodon_degus:0.0595577642,chinchilla_lanigera:0.0382997387):0.00741191405,(cavia_porcellus:0.0024818671,cavia_aperea:0.0050480551):0.06065830663):0.01327829396,(heterocephalus_glaber_female:0.0335731167,fukomys_damarensis:0.0419579215):0.01877070192):0.06023269691)'B(0.476,0.592)':0.004036815808,ictidomys_tridecemlineatus:0.0819202422)'B(0.56,0.6611)':0.01430911585,(ochotona_princeps:0.0996318312,oryctolagus_cuniculus:0.0574028035)'B(0.476,0.6611)':0.05506813669)'B(0.56,1.646)':0.007009475485,tupaia_belangeri:0.0992792872):0.001737573129,((((((colobus_angolensis_palliatus:0.0063455819,(rhinopithecus_bieti:0.0014616424,rhinopithecus_roxellana:0.0011770141):0.004836491083):0.003129702828,((((mandrillus_leucophaeus:0.0028500649,cercocebus_atys:0.0030499228):0.0007447836161,papio_anubis:0.0030900422):0.0007913195549,((macaca_fascicularis:0.0008289368,macaca_mulatta:0.0014470884):0.0005672627176,macaca_nemestrina:0.0018518442):0.002075960709)'B(0.053,0.339)':0.00168653176,chlorocebus_sabaeus:0.0058762107)'B(0.0533,0.34)':0.003077565583):0.01032707396,((pongo_abelii:0.0092612322,((homo_sapiens:0.0036512262,(pan_paniscus:0.0012455313,pan_troglodytes:0.0011515978):0.002421117408)'B(0.065,0.1)':0.0009790005517,gorilla_gorilla:0.0045295929)'B(0.0533,0.339)':0.004493605487)'B(0.1163,0.339)':0.00159219735,nomascus_leucogenys:0.0116316039):0.005293807694)'B(0.2444,0.339)':0.0106112505,((saimiri_boliviensis_boliviensis:0.0144965950,cebus_capucinus:0.0122188970):0.002170321218,(callithrix_jacchus:0.0166574681,aotus_nancymaae:0.0132160123):0.0006815015182):0.02225281915)'B(0.339,0.6611)':0.03542124583,carlito_syrichta:0.0743962260):0.006184716685,((propithecus_coquereli:0.0220145465,microcebus_murinus:0.0327620686):0.02084527193,otolemur_garnettii:0.0715055406)'B(0.339,0.6611)':0.01936617765)'B(0.56,0.6611)':0.009758963302)'B(0.616,1.646)':0.0123144136,((((((panthera_tigris_altaica:0.0025336325,panthera_pardus:0.0018323830):0.003481787458,felis_catus:0.0050760958):0.03922245349,(canis_familiaris:0.0449306326,(ailuropoda_melanoleuca:0.0302172471,mustela_putorius_furo:0.0427600347):0.009228415128)'B(0.373,0.6611)':0.01044681689)'B(0.373,0.6611)':0.0277060483,((((((capra_hircus:0.0051722249,ovis_aries:0.0066166690):0.01158340785,bos_taurus:0.0149780961)'B(0.16,0.281)':0.04980199819,tursiops_truncatus:0.0402183191)'B(0.505,0.6611)':0.008962754972,sus_scrofa:0.0617798277):0.004751860946,vicugna_pacos:0.0561386931)'B(0.505,0.6611)':0.01990741957,equus_caballus:0.0587766456)'B(0.524,0.6611)':0.002303749276):0.001309521975,(pteropus_vampyrus:0.0626033021,myotis_lucifugus:0.0850324861)'B(0.476,0.6611)':0.01787737894):0.003625603701,(erinaceus_europaeus:0.1331801984,sorex_araneus:0.1546902938)'B(0.616,1.646)':0.02632363313):0.01189727341):0.01224446529,((echinops_telfairi:0.1319494625,(loxodonta_africana:0.0465865322,procavia_capensis:0.0832317526)'B(0.56,1.646)':0.01647591082)'B(0.56,1.646)':0.03017920329,(dasypus_novemcinctus:0.0723724906,choloepus_hoffmanni:0.0552488670)'B(0.476,1.646)':0.03078394664):0.003132025925)'B(0.616,1.646)':0.1547197761,(monodelphis_domestica:0.0735177437,(sarcophilus_harrisii:0.0672439461,notamacropus_eugenii:0.0586533242)'B(0.2303,0.56)':0.01616526782)'B(0.476,1.313)':0.1274831581,ornithorhynchus_anatinus:0.3117953404)'B(1.2156,1.696)';

    0.15472   0.0122445   0.0123144  0.00173757  0.00700948   0.0143091  0.00403682   0.0118614    0.122837   0.0229949   0.0987855   0.0230398   0.0431801   0.0335439   0.0206297    0.017526    0.009515  0.00499519  0.00406548   0.0038853  0.00856553   0.0391729   0.0132024  0.00299211   0.0496475   0.0397526   0.0177605   0.0273205   0.0297457   0.0700762   0.0602327   0.0132783  0.00741191   0.0595578   0.0382997   0.0606583  0.00248187  0.00504806   0.0187707   0.0335731   0.0419579   0.0819202   0.0550681   0.0996318   0.0574028   0.0992793  0.00975896  0.00618472   0.0354212   0.0106113   0.0103271   0.0031297  0.00634558  0.00483649  0.00146164  0.00117701  0.00307757  0.00168653  0.00079132 0.000744784  0.00285006  0.00304992  0.00309004  0.00207596 0.000567263 0.000828937  0.00144709  0.00185184  0.00587621  0.00529381   0.0015922  0.00926123  0.00449361 0.000979001  0.00365123  0.00242112  0.00124553   0.0011516  0.00452959   0.0116316   0.0222528  0.00217032   0.0144966   0.0122189 0.000681502   0.0166575    0.013216   0.0743962   0.0193662   0.0208453   0.0220145   0.0327621   0.0715055   0.0118973   0.0036256  0.00130952    0.027706   0.0392225  0.00348179  0.00253363  0.00183238   0.0050761   0.0104468   0.0449306  0.00922842   0.0302172     0.04276  0.00230375   0.0199074  0.00475186  0.00896275    0.049802   0.0115834  0.00517222  0.00661667   0.0149781   0.0402183   0.0617798   0.0561387   0.0587766   0.0178774   0.0626033   0.0850325   0.0263236     0.13318     0.15469  0.00313203   0.0301792    0.131949   0.0164759   0.0465865   0.0832318   0.0307839   0.0723725   0.0552489    0.127483   0.0735177   0.0161653   0.0672439   0.0586533    0.311795

   0.287769     35.4531      102.22    -222.002    -8.94376     54.0616     178.746    -41.2721     7.41671     42.5083     6.07147     26.7864     6.14779     2.57048     75.2809      76.641     277.576     308.013     283.502     369.303     297.277    -3.81559     17.7151     -65.743     1.91017     3.87011     124.772     81.8448     75.0597   0.0976375     10.3851     9.95862    -157.861     8.69778     12.3236     12.0626      136.46     228.178     -2.2886      20.751     18.5994     15.2263    -14.5197    -1.15885    -1.22287     14.3463     142.468    -11.9597     76.1158     155.225     149.368     309.395       28.95     568.239     56.4704     148.537     450.741     494.071     246.465     1467.93     599.137     685.006     673.737     484.475     623.827     2550.04     645.542     586.045    -5.67181     464.736     30.9738     124.199     492.268     2054.27     631.858     596.583     30.2405     3025.83     662.894     117.867     130.572     41.6624     148.355     153.426     195.906     150.553     146.936     -2.0287     69.5425     90.3928     103.549      30.586     29.3526     1.86314     217.411    -441.651     30.9395     44.2753     -2.7078     874.966     942.621    -23.6483     29.6209    -4.22365    -132.024     52.0094     59.2846     274.006     41.4884    -183.861    -5.22179    -17.8609     73.2676     185.977     250.196     72.0336    -11.4483     1.40158    0.493549   -0.716745    -49.9739   -0.999703   -0.976983    -9.57242     2.15812   0.0881947     130.018     36.1082    -1.09943    -33.9187     24.5106    -3.15825    -2.15925     12.3539     3.30511     5.70888      17.237    -10.9117    -4.04096    -2.47306 1.42572e-05


Hessian 

-5.93393e+06      -561133       214931       332416       347038       352701       359555       340084       211225       328159       254621       333338       382852       399669       461546       503591       537555       571954       517897       599459       533922       436288       453411       509563       406515       427985       457466       407573       393937       320388       386739       453092       506712       314596       421876       360029       442416       407080       447639       425587       354506       296847       351130       243204       359929       225743       400862       392540       400650       444744       537643       631976       599570       568333       661660       667321       522132       644653       812926       732512       645697       690387       614567       580601       605921       620013       474520       644811       559237       486712       538447       508709       565796       790685       639205       630410       756371       748358       598883       592770       433062       494470       475446       483994       502863       511930       517403       299760       439821       447278       441622       368131       328163       318410       361668       335892       436457       419873       447644       460675       507527       450871       470618       412486       422288       445706       416402       502930       479081       510502       470670       398995       468281       538145       550479       495666       431511       422696       242262       333451       420657       369066       301221       192257       145455       114063       -10719       157368       160057       228663       267098       237659       221806       269499       147195 -3.51873e+06      -298073      -875831      -212151      -222864      -200789
     -561133 -1.32865e+08 -6.23402e+06 -2.15222e+06 -2.16366e+06 -1.42415e+06 -1.13327e+06      -315383       164489      23167.1       508357       316867       736927       975433  1.19297e+06  1.32588e+06  1.35775e+06  1.47762e+06  1.85908e+06  1.51011e+06  1.33809e+06  1.05476e+06  1.15054e+06  1.01315e+06       959723       945827  1.06881e+06       942306  1.04815e+06       734991     -65105.2       575096       812790       712510       721246       733503       957914       981480       682935       909445       715651        58461      -139524       277974       306651      -122172 -2.42775e+06 -1.68736e+06      -750475      -188372       950528       857419  1.00849e+06       974539  1.20082e+06       939445       939793       729729  1.36425e+06  1.21497e+06   1.0274e+06  1.32385e+06  1.51373e+06  1.32751e+06       781013  1.53509e+06       914844  1.07311e+06       885116       909766       590646       720793       968133       709991  1.44045e+06       692814  1.88929e+06  1.17189e+06   1.1224e+06  1.19037e+06       275484       285547       662356       896583       298934       960305       940699     -27948.4      -844036      -419496       180643      52417.2      89886.1 -5.16325e+06 -4.68959e+06    -4.27e+06      -950767     -30898.8       612473       482360  1.28038e+06       569961      -675476      6788.31      -657292       241205       164307  -2.5374e+06  -1.5441e+06 -1.19331e+06      -698107       -49993       605887       795191       836241       495674       329307       112840      71786.9      -520021      -680889     -16747.3     -15810.5      -138465      43420.3        75336 -7.73743e+07 -1.16252e+07      -288148 -6.73611e+06 -2.40069e+06      -468538 -8.80428e+06 -3.89215e+06 -1.32188e+06      -211198       594037       552799       672975       485127       173113
      214931 -6.23402e+06 -2.02897e+08 -1.54403e+07 -8.21551e+06 -4.26703e+06  -3.3356e+06 -1.17545e+06       125032      -503411       386047      79622.7       651495  1.09627e+06  1.19094e+06  1.60318e+06  1.52413e+06  1.86259e+06   1.7978e+06  1.79318e+06  1.71217e+06  1.29399e+06   1.1731e+06  1.07797e+06  1.03851e+06       960366  1.28132e+06  1.33686e+06  1.14538e+06       792064      -610600       614927       673418       691154       827425       892262  1.29172e+06  1.04828e+06       546015       840332       746307      -312198      -724162       292937        35766      -754815 -1.81779e+07 -5.58083e+06 -2.90774e+06 -1.08432e+06       569356       641545       942718  1.22431e+06  1.31642e+06       916982     -96309.1       493598       955272  1.34692e+06  1.68318e+06  1.26148e+06  1.06054e+06   1.0606e+06       251345  1.79875e+06       557301  1.78603e+06       857858      53509.5       580289       880063       699758       247737   1.2584e+06       848065  1.85848e+06   1.4976e+06       988154       913472     -37294.8       383133       437401       972859      -308996       982435  1.05343e+06      -476003 -2.90421e+06 -1.54654e+06      -241531      -380196      -315807 -2.93963e+07 -2.50279e+07  -1.7577e+07 -3.20525e+06      -408626      55835.4       436628       926120       597690 -1.61762e+06      -152867 -1.14792e+06       133125      -157648 -7.20263e+06 -3.68398e+06  -3.1752e+06 -1.68272e+06      -459086       343711  1.03751e+06       993728       663872      30142.8      -306180     -74186.8 -1.36096e+06 -1.58748e+06      -436336      -177744      -173421      29755.1      67349.9 -5.08306e+06 -1.74102e+06      84257.7      -912096      -154967       186736 -1.52471e+06      -689595      -216647       375257       819222       832852       831657       540503       279181
      332416 -2.15222e+06 -1.54403e+07 -4.56451e+08 -1.31304e+08 -3.70614e+07 -1.99371e+07  -5.1125e+06      -101256 -3.14232e+06       316312 -1.78962e+06      -115534  1.20341e+06  1.69285e+06  1.64096e+06  1.99372e+06  1.95249e+06  2.52829e+06  2.54779e+06  1.18187e+06  1.52037e+06       947242  1.39964e+06  1.36078e+06  1.14409e+06  1.46378e+06  1.34901e+06  1.52205e+06       729060 -2.30231e+06       -87571       551182       872520       550407       834779  1.12577e+06       754224       154339       818350       945256 -1.65444e+06 -4.54729e+06      -167849 -1.70627e+06 -6.21956e+06 -2.00323e+07 -6.06218e+06 -2.98581e+06      -708882       348856      -101864       855183       880956  2.12919e+06  1.31984e+06       671661       336764  1.83645e+06       832888  1.09698e+06  1.75567e+06  1.13686e+06      -509786       511677  1.96403e+06    1.644e+06   2.2959e+06       900295     -33854.8  1.44365e+06  1.13912e+06       393986  1.90882e+06  1.60224e+06       485662       261615  1.49665e+06       975659  1.02615e+06      -471402  -1.0369e+06      40493.3       780054  1.01816e+06       897931       857142 -1.14492e+06 -3.27122e+06 -2.23243e+06      -913746      -934800      -680554  -5.7718e+06  -5.8953e+06 -7.43718e+06 -2.16882e+06      -602402     -72394.7       817081       171758      89034.8 -1.36629e+06      -246203 -1.31484e+06        82039      -296994 -4.98972e+06 -3.46007e+06 -3.07377e+06 -1.73129e+06      -776620       342118       560779  1.35157e+06       258047       154890      -645043      -230048 -1.20479e+06 -2.22732e+06      -424404      -517524      -516899     -75580.3     -48190.3 -2.03395e+06 -1.49601e+06     -15447.5      -651354       199039       136932      -924681      -397593     -50023.6       500576  1.03742e+06  1.13938e+06       975617       762984       300576
      347038 -2.16366e+06 -8.21551e+06 -1.31304e+08 -2.19678e+08 -4.54324e+07 -2.35334e+07 -5.52581e+06     -58213.2 -3.29695e+06       320366 -1.84254e+06      -270231       953486  1.33871e+06   1.4194e+06  1.52555e+06  1.86193e+06  2.19853e+06  2.04403e+06  1.58726e+06  1.43727e+06       904572  1.24523e+06  1.23248e+06  1.14109e+06  1.29211e+06  1.25854e+06  1.28825e+06       625149 -2.40746e+06      -105234       485964       800244       593424       789368  1.07495e+06  1.01904e+06      10555.6       606185       839984 -1.59154e+06 -5.81766e+06      -308270 -2.17983e+06      22252.4  -1.1351e+07 -4.45712e+06 -2.34124e+06      -566293       205099       137835       637002  1.12073e+06   1.3552e+06  1.64321e+06      -655669       209282  1.14856e+06       523638  1.18318e+06  1.24422e+06  1.19871e+06      -792270       542821  1.07904e+06  1.34482e+06  1.37921e+06       742524      -104066       593543  1.03299e+06       674610  1.19964e+06       837774       585690  1.58063e+06       671778  1.20416e+06       811345      -347917      55914.3       541562       633580  1.02262e+06       617900       913040      -791967 -2.73662e+06 -1.80424e+06      -613316      -702503      -497134 -4.31181e+06 -4.38897e+06 -5.14488e+06 -1.80021e+06      -385303      -339770       417673       327652      -219904 -1.33052e+06     -5642.56 -1.17234e+06      68739.8      -112997 -4.05179e+06 -2.92658e+06 -2.43706e+06 -1.37025e+06      -636108       529604       915268  1.38639e+06       522035       275700      -451377      -103088 -1.05922e+06 -1.59908e+06      -310488      -466053      -471257     -62833.2     -65999.8 -2.08834e+06 -1.26886e+06      29437.3      -539168       208662       234778      -755679      -335276      46243.4       480622       896214       986935       861282       608205       262075
      352701 -1.42415e+06 -4.26703e+06 -3.70614e+07 -4.54324e+07 -1.36002e+08 -4.39353e+07  -8.8535e+06      -309231 -5.02065e+06      99491.1 -2.85839e+06      -953480       818888   1.2401e+06  1.41834e+06  1.50811e+06  1.18115e+06  1.95117e+06  1.38237e+06  1.09281e+06  1.06363e+06       575575       904829  1.07111e+06       910184       865442  1.10641e+06   1.1477e+06       354869 -3.61085e+06      -633518      39193.4       548043       385060       546080       923307       861775      -302224       442743       536326 -2.71356e+06       111398       261003       259738      -100393 -5.58487e+06 -2.63877e+06 -1.47255e+06      -161730       526914       456325  1.03028e+06  1.08245e+06       987565  1.24848e+06      -182801       135752  1.13422e+06  1.01256e+06  1.47911e+06  1.26117e+06  1.06552e+06       805443       791493       891173   1.1425e+06  1.61701e+06       724691      89463.2       438673       696033       481172  1.02683e+06  1.15392e+06       682032       768242  1.08101e+06  1.05462e+06       908001     -56980.4       261235       631059       847718  1.03935e+06       725400       766938      -430611 -2.02735e+06 -1.16136e+06      -393185      -336944      -289618  -2.6189e+06 -2.63141e+06 -3.42352e+06  -1.0517e+06      -171899      55971.8       785986       730568       201480      -571838       154313      -490019       407861       150677 -2.67848e+06 -1.63442e+06 -1.67273e+06      -845703      -206586       400910  1.18715e+06  1.18378e+06       564373       390851     -50317.1      14425.9      -483416      -886269     -65597.1      -116187      -123320      65823.5      81937.1 -1.12937e+06      -729796       145421      -266097       168069       297258      -255046     -87221.3       140347       450567       797524       943202       847570       618044       258410
      359555 -1.13327e+06  -3.3356e+06 -1.99371e+07 -2.35334e+07 -4.39353e+07 -2.47574e+08 -2.39589e+07      -890030  -1.2776e+07      -400982 -6.52296e+06 -2.20023e+06       407319       981665  1.37675e+06  1.18491e+06  1.46896e+06  1.32444e+06  2.02822e+06  1.44024e+06  1.08121e+06       239188       326816  1.02515e+06       705561       901053  1.02104e+06  1.06833e+06      60265.5 -1.10794e+07 -1.84851e+06      -389792       483630      89312.3       334293  1.07914e+06       719771      -887384       200239       447089 -3.06618e+06     -56963.3       146239       143730      -156767  -3.9315e+06 -2.23638e+06 -1.16178e+06      -210886       540781       846454  1.56717e+06  1.13118e+06       815501       818013       226040     -77453.8  1.02524e+06       222065       538634  1.57771e+06  1.30472e+06       636842       504111  1.77762e+06   1.3644e+06       945569   1.1613e+06       345875  1.09278e+06       994507       918757   1.1351e+06  1.58766e+06       915596     -67040.8  1.68741e+06  1.40681e+06  1.12595e+06      -239688      -214810       932440   1.0295e+06       723404       965391       971656      -353622 -1.71425e+06  -1.1282e+06       -67561      -417587      -169116 -2.27288e+06  -2.2724e+06 -2.57127e+06      -635857      48418.6       552627  1.44294e+06       674098       632639      -498039       257410     -47854.3       521154       307634 -2.43396e+06 -1.39983e+06 -1.15557e+06      -408072      65635.3       841149  1.11345e+06  1.36647e+06       707744       648364       140626      60715.7      -384523      -660421       143937     -24121.7      -149225       146525      91332.5 -1.13487e+06      -621341       126845      -325922       233418       195899     -65895.3       145624       145928       499026       835852       927287       856270       652776       271832
      340084      -315383 -1.17545e+06  -5.1125e+06 -5.52581e+06  -8.8535e+06 -2.39589e+07 -1.02259e+08 -2.66739e+06 -3.09975e+07      -833147 -1.37412e+07 -4.67725e+06      -146685       501789   1.0227e+06       852466       992078  1.20803e+06  1.11897e+06  1.18111e+06       707120      -347506       203829       626744       364338       368524       597806       572446      -520188 -1.04585e+06      71778.7      71409.8       158553       355524       257884       768683       281874       226884       599115       489433      -646105      -300267       156809       151913      6184.87 -1.59422e+06 -1.04498e+06      -281486       441366       810217       935907   1.2862e+06  1.08511e+06  1.81953e+06       966239       588972  1.01611e+06  1.28428e+06       133980  1.46384e+06  1.58887e+06  1.13504e+06  1.22391e+06    1.316e+06  1.24254e+06  1.16411e+06  1.64309e+06  1.14786e+06       717554       912914  1.09944e+06  1.12363e+06  1.16717e+06    1.299e+06  1.32833e+06       581011  1.16601e+06   1.2246e+06   1.2492e+06       414083       605144       713003       828013  1.58168e+06       935709       908556       -29158      -735918      -295805       437031       134333     -3757.61      -869331      -567165      -496898      21278.9       414720       553473       929062  1.01784e+06       737256       190917       538763       245375       697103       363852      -420026      -319063      -108820      8604.62       370875       692930       930569  1.15829e+06       807391       631736       349507       207261       142729      -175128       336103       187666      56601.5       158711       119232      -182300     -81894.5       263556       233603       440260       397951       263418       404454       283447       410298       700716       760171       707828       512859       245435
      211225       164489       125032      -101256     -58213.2      -309231      -890030 -2.66739e+06 -1.33016e+07      61537.9      39017.1      69518.8      77327.2       220602       273383       456404       471659       392917       561468       457745       533965       300162       295665       221105       299767       263512       290511       284761       265819       150540      18549.9       247467       284286       203720       310318       281305       372385       242864       250544       349466       303415        33762      92541.4       143161       154880       150149       136253       277760       250530       439957       569214       616247       599087       653435       618116       636526       416138       604514       702216       473045       508448       653667       598950       521362       199517       504304       694466       563262       567953       571234       544361       537754       425933       675037       636303       504563       666053       576938       707254       553580       341361       374248       403844       489433       700733       514232       504444       230134       164883       205944       351922       195488       219320       162423       267215       379958       351883       327108       455850       418794       477379       434773       310239       354716       359312       393112       364177       306076       295508       301978       325284       342996       440848       465730       533741       484466       392855       337372       194688       278319       270661       309419       227468       158136       124503       110017       205768       251337       158023       287165       328308       246168       272337       259704       195636       228193       310015       347834       311445       260290       111462
      328159      23167.1      -503411 -3.14232e+06 -3.29695e+06 -5.02065e+06  -1.2776e+07 -3.09975e+07      61537.9 -6.53772e+07 -1.65163e+06 -2.01234e+07 -6.07898e+06      -432738      93576.3       730376       561869       525550  1.08322e+06       982710       911214       402486      -847480      -184993       378140      49312.2      96691.5       328872       324417      -680662      -403525      62765.1       190309       218235       396908       247518  1.01438e+06       532692       233152       560604       432867      -494439      -144444       199547       240626      47476.2      -800563      -611154       -53386       636683       714078       848810  1.12818e+06  1.08475e+06    1.722e+06  1.03473e+06       645524       497775       893460       557037  1.13352e+06  1.42861e+06  1.39022e+06  1.02872e+06   1.3808e+06  1.76145e+06  1.39528e+06  1.41247e+06  1.17966e+06       641002       914778       908404  1.18163e+06   1.1361e+06  1.30855e+06       905521  1.03304e+06   1.1082e+06  1.26477e+06       894265       588766       772089       698002       912679  1.06543e+06       944816       949725       105195      -308893       113114       482166       275280       148977      -303962      -185168     -41245.8       322461       557517       579268       911227  1.03053e+06       708359       482640       559245       358220       721961       445764     -39962.3      4390.04       252322       268050       512965       762005       830019  1.20513e+06       784331       628785       431544       271746       238242       176324       419817       271645       183594       187105       173933       160337      60826.7       272170       321822       439280       407159       400649       481070       299061       395066       654378       735696       654638       440985       222781
      254621       508357       386047       316312       320366      99491.1      -400982      -833147      39017.1 -1.65163e+06 -1.82524e+07 -1.22451e+06      -229071      48752.3      81185.2       198917       229118       275042       470916       278640       307132       176863     -26736.1      20750.5      79226.6      81775.8       120316       217195       176455      -143605       154562       254319       298840       233386       252383       302698       256051       197486       286532       399705       301590      97213.4       214898       217864       253695       190038       386107       508258       502310       589213       598784       641231       606767       673497       580428       606536       644254       621675       697586       558578       465415       848717       715075       628335   1.0207e+06       514920       858713       709907       751588       708323       634559       628029       708172       463997       711684       857408       670877       763188       621421       539183       521537       565246       463981       582295       724957       606224       645676       284009       354902       418868       442423       372347       294786       468344       553993       620231       501354       426587       590277       637962       744422       519213       551936       459172       504186       480355       458465       706898       502316       535555       594951       501937       491907       488562       658848       556353       501428       439471       241302       445593       484002       415722       321367       277141       190186       159942       614369       392355       207814       436119       386205       305663       422334       420337       228962       260368       319204       399560       345926       264772       129429
      333338       316867      79622.7 -1.78962e+06 -1.84254e+06 -2.85839e+06 -6.52296e+06 -1.37412e+07      69518.8 -2.01234e+07 -1.22451e+06 -6.62729e+07 -1.13714e+07      -766573      -290993       357635       135889       199867       839338       469901       703657      94504.6 -1.98922e+06      -900601     -59677.9      -403202      -311569     -23175.1     -60416.7 -2.30368e+06     -91710.6       164820       293587       293857       418588       336375       854636       555786       322548       502713       451588      -145379       166307       271762       363059       167622      -220188     -18586.3       405725       823371       804914       729028   1.1077e+06  1.06796e+06  1.12873e+06  1.33427e+06  1.01855e+06       530112  1.32545e+06  1.37163e+06  1.09948e+06  1.33016e+06  1.34881e+06  1.15686e+06  1.02779e+06  1.12848e+06  1.37776e+06  1.13135e+06  1.41063e+06       826396       701296  1.09752e+06  1.08414e+06   1.0381e+06  1.38663e+06  1.00885e+06  1.04658e+06  1.27197e+06  1.44996e+06       987320       650744       910396       890601  1.03749e+06  1.18853e+06       885517  1.12877e+06       307750       217662       322768       605437       423462       319069       206789       398264       229731       588551       726794       746022  1.06903e+06       882344       667193       643202       701844       640939       791103       734914       354067       485465       640621       596840       584049       867531       960543  1.19417e+06       855932       741198       690417       337127       415314       421597       546824       379479       273768       237719       203768       533562       390712       293785       478844       545681       424604       558588       631336       355341       373621       597074       696761       618721       388763       216123
      382852       736927       651495      -115534      -270231      -953480 -2.20023e+06 -4.67725e+06      77327.2 -6.07898e+06      -229071 -1.13714e+07 -5.15432e+07 -1.46939e+06      -837281      -175706      -627476      -185226       405840      86106.9      24990.3      -325291 -6.26702e+06 -1.92239e+06      -673703 -1.14006e+06 -1.42344e+06      -675967      -645988 -2.49792e+06       317127       385107       439819       311223       438273       365209       755722       409041       510883       628257       514887       190996       426187       331952       499013       342315       658288       849278       805636  1.03053e+06       997110  1.18721e+06   1.0636e+06  1.04613e+06  1.20772e+06  1.03785e+06       798709       963243       966760  1.41804e+06       993090  1.18782e+06  1.39949e+06   1.3824e+06  1.12714e+06       882380  1.44151e+06  1.21339e+06  1.02828e+06       879140       965556       900331  1.10846e+06   1.7213e+06  1.53367e+06  1.06807e+06  1.27236e+06       998457  1.34776e+06  1.25034e+06       955888  1.09709e+06       918409       974493  1.29979e+06  1.13271e+06  1.11109e+06       503912       739843       745672       776766       604695       483399       929344  1.12662e+06  1.16411e+06       890587       851498       816645  1.24811e+06       922042       842207       898664       828938       886054       883300       891077  1.11509e+06       845954       956739  1.00156e+06       799748       932310  1.01729e+06  1.27717e+06       941757       913680       692198       449820       645992       796904       699028       570558       466933       320751       247027       951356       648315       318275       639865       603777       455602       767732       749989       379043       394654       550777       602360       531961       422527       193852
      399669       975433  1.09627e+06  1.20341e+06       953486       818888       407319      -146685       220602      -432738      48752.3      -766573 -1.46939e+06 -7.90555e+07 -1.06882e+07 -1.55332e+06  -3.4313e+06 -2.08433e+06 -1.09547e+06 -2.03256e+06 -1.22559e+06 -1.84015e+06 -1.65913e+07  -5.0981e+06 -1.80975e+06 -2.52145e+06 -3.19437e+06 -2.12592e+06 -1.09532e+06      -255162       697530       652171       521394       379952       589089       513834       731893       514542       675798       737787       626092       487886       616242       457321       638467       498226  1.29448e+06  1.31339e+06  1.20638e+06  1.20426e+06  1.38475e+06  1.40496e+06  1.49503e+06  1.40544e+06  1.27687e+06  1.51107e+06  1.29865e+06       901527  1.51802e+06  1.40987e+06  1.38143e+06  1.55365e+06  1.29941e+06  1.22364e+06  1.97053e+06  1.13556e+06  1.55581e+06  1.69559e+06  1.42077e+06  1.37081e+06  1.66517e+06  1.09104e+06   1.3209e+06  1.80581e+06  1.80459e+06  1.67769e+06  1.76918e+06  1.39113e+06       935732  1.43177e+06  1.02898e+06  1.15485e+06   1.1576e+06       970366  1.49232e+06  1.22131e+06  1.28809e+06       722756  1.09145e+06  1.03019e+06       978592       801656       662204  1.20858e+06  1.46925e+06  1.44308e+06  1.23588e+06  1.01295e+06       844755  1.06992e+06  1.11888e+06       987529  1.12151e+06   1.0353e+06       942428  1.03689e+06       951222  1.51898e+06  1.30941e+06  1.22078e+06  1.21462e+06   1.0033e+06  1.04917e+06  1.01202e+06  1.05864e+06       932954       909119       965554       537494       814680  1.05064e+06       758843       665716       535029       369485       307953  1.12524e+06       851621       432739       864891       708734       539614       878578       758759       445656       392119       453001       566946       468256       347643       192941
      461546  1.19297e+06  1.19094e+06  1.69285e+06  1.33871e+06   1.2401e+06       981665       501789       273383      93576.3      81185.2      -290993      -837281 -1.06882e+07  -1.3088e+08 -2.20188e+06 -1.27757e+07 -6.37976e+06 -2.86206e+06  -5.9148e+06 -3.58418e+06 -9.48537e+06 -4.24745e+06 -2.87474e+06 -1.32793e+06 -1.71623e+06 -1.92425e+06 -1.35483e+06      -927814      -124647       688058       684889       740835       460628       556940       537867       510745       330036       800434       845191       646851       525152       651893       510093       679206       484553  1.28094e+06  1.32049e+06  1.23315e+06  1.21467e+06   1.0278e+06  1.23065e+06  1.35539e+06  1.45616e+06  1.55578e+06  1.80948e+06       856867       897244       708354  1.33619e+06  1.57947e+06  1.32012e+06   1.1811e+06  1.83642e+06  1.10073e+06  1.61774e+06  1.31568e+06  1.15866e+06  1.34635e+06       968302  1.47421e+06       948285  1.79548e+06  1.29694e+06  1.91621e+06  1.46751e+06  1.60624e+06       867585  1.59092e+06  1.48018e+06       944350       995841  1.11567e+06  1.25332e+06  2.12871e+06  1.20424e+06  1.09034e+06       800612  1.27509e+06   1.1145e+06       910617       760606       703234  1.40287e+06  1.20538e+06   1.6525e+06  1.33574e+06       996527       974668  1.32926e+06       920139       653791  1.21097e+06       958617  1.07981e+06       970340       881255  1.45605e+06  1.29632e+06  1.22538e+06  1.24811e+06  1.00786e+06       958085       822327   1.3688e+06       725704       948216  1.00005e+06       529970       898879  1.22217e+06       858198       696649       559487       375045       308059   1.2853e+06       963407       460614       944410       760101       582422       882214       763100       452043       442976       422119       564960       414163       341690       185792
      503591  1.32588e+06  1.60318e+06  1.64096e+06   1.4194e+06  1.41834e+06  1.37675e+06   1.0227e+06       456404       730376       198917       357635      -175706 -1.55332e+06 -2.20188e+06 -1.85064e+08 -2.64189e+07 -6.64137e+06 -4.77421e+06 -4.44777e+06 -3.72583e+06 -1.57669e+06      -952304 -1.11279e+06      -464528      -536387      -590346      -440152      -316732       157131       940157       720018       848013       479016       541113       640168      -315709       250412       793058       740009       700272       687496       791194       473775       588871       524523  1.47418e+06  1.59941e+06  1.33103e+06  1.28735e+06       708235       908139  1.06415e+06       932393  1.30963e+06  1.69122e+06       837271  1.27653e+06  1.46573e+06  1.11832e+06  1.34095e+06  1.25785e+06       993770  1.15167e+06  1.37624e+06  1.35108e+06  1.45992e+06  1.04267e+06       887256       889940       863401  1.14123e+06  1.11798e+06       873904       299581  1.25562e+06  1.35144e+06  1.32948e+06  1.18956e+06  1.33494e+06  1.04236e+06  1.09466e+06       887742       784244       983754  1.04549e+06  1.01614e+06       754492  1.11189e+06  1.12181e+06       996314  1.07611e+06       817769  1.35663e+06  1.26111e+06  2.23046e+06  1.28986e+06       962323  1.10338e+06       932071  1.44776e+06       732939  1.31395e+06       986277  1.11508e+06       977176       886216  1.67998e+06  1.35674e+06  1.37143e+06  1.18061e+06  1.06429e+06       889675       767565  1.01765e+06       746131       909867       949482       402815       923425  1.25288e+06       895156       749018       643896       438004       323079  1.46437e+06  1.07429e+06       433854       854315       766323       600490       924028       834860       416907       463317       464279       581942       482985       379650       190913
      537555  1.35775e+06  1.52413e+06  1.99372e+06  1.52555e+06  1.50811e+06  1.18491e+06       852466       471659       561869       229118       135889      -627476  -3.4313e+06 -1.27757e+07 -2.64189e+07   -3.116e+08 -2.24276e+07 -7.38164e+06 -1.03597e+07 -5.09113e+06 -3.10615e+06 -2.00215e+06 -3.92918e+06      -942274 -1.15109e+06 -1.12771e+06      -832739      -585555       253210       977789       859498       418046       507660       593788       735781       348507       188696       787410       761412       803820       683662       867515       452815       677449       508698  1.34129e+06  1.41976e+06  1.31941e+06  1.26644e+06   1.4428e+06  1.03276e+06  1.39827e+06  1.40131e+06  1.46238e+06  1.34762e+06       774871       697145      -238258       896030       625487  1.44674e+06  1.38881e+06  1.21455e+06       664828  1.57426e+06   1.6723e+06  1.10621e+06  1.20882e+06       976713       566258  1.08466e+06       981975  1.38871e+06  1.57693e+06  1.17775e+06       954121  1.54835e+06  1.25085e+06  1.33428e+06   1.1925e+06  1.36106e+06       963501  1.15802e+06  1.08985e+06  1.24313e+06  1.00125e+06       832734  1.20261e+06  1.14818e+06       712763  1.02106e+06       832419  1.49118e+06  1.77071e+06  1.76297e+06  1.44709e+06  1.02886e+06   1.0249e+06  1.71095e+06  1.21876e+06       835820  1.32806e+06       900084       989397       919335  1.00835e+06  2.01415e+06  1.35806e+06  1.63021e+06  1.26779e+06  1.13912e+06       939767       836983  1.38566e+06       855776       771738       913109       519015       937209   1.2313e+06       938595       752920       647096       456096       354308  1.40756e+06  1.10966e+06       508416       948229       863354       613282  1.02555e+06       944349       516467       515193       509656       562651       495901       387005       201712
