
72

(((((((((dipodomys_ordii:0.0951956891,(jaculus_jaculus:0.0791302036,((((mus_pahari:0.0160125698,((mus_spretus:0.0038025315,mus_musculus:0.0036507749):0.004696224021,mus_caroli:0.0079566063):0.008919181059):0.01886940786,rattus_norvegicus:0.0350160321)'B(0.072,0.16)':0.02925723878,((microtus_ochrogaster:0.0431843721,peromyscus_maniculatus_bairdii:0.0349885087):0.003598602169,(cricetulus_griseus_chok1gshd:0.0244144455,mesocricetus_auratus:0.0265318988):0.01593299592):0.01253447256):0.03665488204,nannospalax_galili:0.0585767229):0.0202515416):0.01927454542)'B(0.407,0.592)':0.01188113659,(((octodon_degus:0.0487472688,chinchilla_lanigera:0.0330446993):0.007458713062,(cavia_porcellus:0.0023084510,cavia_aperea:0.0041879929):0.05023998988):0.01207393035,(heterocephalus_glaber_female:0.0290291547,fukomys_damarensis:0.0356778158):0.01666155792):0.04961600899)'B(0.476,0.592)':0.005377590009,ictidomys_tridecemlineatus:0.0678470206)'B(0.56,0.6611)':0.01270528536,(ochotona_princeps:0.0804069648,oryctolagus_cuniculus:0.0485481086)'B(0.476,0.6611)':0.04584364881)'B(0.56,1.646)':0.007024295454,tupaia_belangeri:0.0836492718):0.002894276228,((((((colobus_angolensis_palliatus:0.0059806764,(rhinopithecus_bieti:0.0013831121,rhinopithecus_roxellana:0.0011182301):0.004566456915):0.002971876696,((((mandrillus_leucophaeus:0.0026976724,cercocebus_atys:0.0028871025):0.0007133361963,papio_anubis:0.0029326074):0.0007583204198,((macaca_fascicularis:0.0007882860,macaca_mulatta:0.0013701759):0.0005420856517,macaca_nemestrina:0.0017543967):0.001973711142)'B(0.053,0.339)':0.001616007121,chlorocebus_sabaeus:0.0055206172)'B(0.0533,0.34)':0.002935279288):0.009706575604,((pongo_abelii:0.0086190707,((homo_sapiens:0.0034832711,(pan_paniscus:0.0011826661,pan_troglodytes:0.0010981337):0.002310546813)'B(0.065,0.1)':0.0009510299856,gorilla_gorilla:0.0042932904)'B(0.0533,0.339)':0.004269361961)'B(0.1163,0.339)':0.001573531892,nomascus_leucogenys:0.0109079188):0.005065087318)'B(0.2444,0.339)':0.01019333713,((saimiri_boliviensis_boliviensis:0.0134465715,cebus_capucinus:0.0113874811):0.002125480899,(callithrix_jacchus:0.0153208387,aotus_nancymaae:0.0121959030):0.0007782954412):0.02026172488)'B(0.339,0.6611)':0.03101155216,carlito_syrichta:0.0633950521):0.00685715741,((propithecus_coquereli:0.0199212042,microcebus_murinus:0.0293546742):0.01863783137,otolemur_garnettii:0.0611260262)'B(0.339,0.6611)':0.01765159218)'B(0.56,0.6611)':0.009465084858)'B(0.616,1.646)':0.01159682903,((((((panthera_tigris_altaica:0.0022930462,panthera_pardus:0.0016625288):0.00320588735,felis_catus:0.0045866001):0.03409077159,(canis_familiaris:0.0397867345,(ailuropoda_melanoleuca:0.0269604188,mustela_putorius_furo:0.0376511752):0.008886306926)'B(0.373,0.6611)':0.009931530662)'B(0.373,0.6611)':0.02456151751,((((((capra_hircus:0.0047360264,ovis_aries:0.0061229158):0.01070244693,bos_taurus:0.0136410938)'B(0.16,0.281)':0.04295017062,tursiops_truncatus:0.0350904292)'B(0.505,0.6611)':0.008913431319,sus_scrofa:0.0533661213):0.00504795661,vicugna_pacos:0.0475388119)'B(0.505,0.6611)':0.01711435704,equus_caballus:0.0499071910)'B(0.524,0.6611)':0.003303870065):0.002145736578,(pteropus_vampyrus:0.0528252979,myotis_lucifugus:0.0703060422)'B(0.476,0.6611)':0.01732454823):0.004349685472,(erinaceus_europaeus:0.1003490698,sorex_araneus:0.1128628042)'B(0.616,1.646)':0.02788479037):0.01048569414):0.01282804777,((echinops_telfairi:0.1045224833,(loxodonta_africana:0.0396101732,procavia_capensis:0.0687783598)'B(0.56,1.646)':0.01476602699)'B(0.56,1.646)':0.02531237278,(dasypus_novemcinctus:0.0601690658,choloepus_hoffmanni:0.0465750029)'B(0.476,1.646)':0.02627964391):0.004076703047)'B(0.616,1.646)':0.1104324341,(monodelphis_domestica:0.0589326391,(sarcophilus_harrisii:0.0544994599,notamacropus_eugenii:0.0457198846)'B(0.2303,0.56)':0.01505144218)'B(0.476,1.313)':0.08642104623,ornithorhynchus_anatinus:0.1965592778)'B(1.2156,1.696)';

   0.110432    0.012828   0.0115968  0.00289428   0.0070243   0.0127053  0.00537759   0.0118811   0.0951957   0.0192745   0.0791302   0.0202515   0.0366549   0.0292572   0.0188694   0.0160126  0.00891918  0.00469622  0.00380253  0.00365077  0.00795661    0.035016   0.0125345   0.0035986   0.0431844   0.0349885    0.015933   0.0244144   0.0265319   0.0585767    0.049616   0.0120739  0.00745871   0.0487473   0.0330447     0.05024  0.00230845  0.00418799   0.0166616   0.0290292   0.0356778    0.067847   0.0458436    0.080407   0.0485481   0.0836493  0.00946508  0.00685716   0.0310116   0.0101933  0.00970658  0.00297188  0.00598068  0.00456646  0.00138311  0.00111823  0.00293528  0.00161601  0.00075832 0.000713336  0.00269767   0.0028871  0.00293261  0.00197371 0.000542086 0.000788286  0.00137018   0.0017544  0.00552062  0.00506509  0.00157353  0.00861907  0.00426936  0.00095103  0.00348327  0.00231055  0.00118267  0.00109813  0.00429329   0.0109079   0.0202617  0.00212548   0.0134466   0.0113875 0.000778295   0.0153208   0.0121959   0.0633951   0.0176516   0.0186378   0.0199212   0.0293547    0.061126   0.0104857  0.00434969  0.00214574   0.0245615   0.0340908  0.00320589  0.00229305  0.00166253   0.0045866  0.00993153   0.0397867  0.00888631   0.0269604   0.0376512  0.00330387   0.0171144  0.00504796  0.00891343   0.0429502   0.0107024  0.00473603  0.00612292   0.0136411   0.0350904   0.0533661   0.0475388   0.0499072   0.0173245   0.0528253    0.070306   0.0278848    0.100349    0.112863   0.0040767   0.0253124    0.104522    0.014766   0.0396102   0.0687784   0.0262796   0.0601691    0.046575    0.086421   0.0589326   0.0150514   0.0544995   0.0457199    0.196559

   2.5704    133.91  -19.8467   292.311   55.2037   46.0804   44.8151  -23.0195  -9.67352  -49.6638  -9.91728  -63.0782  -56.6146  -53.9808   22.8782    25.628   136.042   252.805   864.225   239.833  -92.2365   17.9835   47.2068   278.739  -45.3762  -30.1332  -41.8552  -27.6268   29.2656  -8.68583  -36.4168   78.8797  -0.74835   13.7437   17.1357  -42.9804  -44.6726   229.363  -33.9672  -51.9841   11.1869  -8.40216  -5.65645  -9.98449  -9.85459  -4.63082  -7.96638  -282.941   37.5685   258.893    52.108   62.0377  -80.9488  -181.044   114.964  -70.1022   13.8046  -645.268  -1418.93  -4023.18   1061.18   1309.83  -8.33443  -62.5506   6118.16  -69.2079   -945.28  -16.3511  -301.435   620.981  -1891.66  -225.301    74.695  -242.632  -116.767   17.3144   1095.98  -1994.86   101.204    218.17   79.0542   182.585  -6.03638   280.481  -26.9885  -4.27173   88.5962  -2.88081  -78.0968   18.3919   59.4609  -20.0529   -3.2216   27.2839   23.0378   552.074  -45.4192   -35.171  -398.131   12.6921   211.132   16.6527  -183.429   25.3322   220.584  -15.8834     23.54   498.757  -40.2732  -167.688  -108.658  -40.2809    167.99  -505.805  -374.571  -116.825  -61.0635    -55.86  -34.7242  -47.1391  -69.4735  -40.8071  -8.07331   28.9256  -7.03013  -6.33565   229.941   2.25518  -9.37522  -7.56486  -41.1554  -7.55431  -5.10051  -26.4106  -27.2145  0.303623    18.266   20.4643 -0.247813    2.0821  -1.23565


Hessian 

 -1.6011e+07 -3.54965e+06 -2.86001e+06 -3.29293e+06 -3.11227e+06 -2.93275e+06 -3.16205e+06 -2.82708e+06 -1.55674e+06 -2.64586e+06 -1.56714e+06 -2.55457e+06 -2.29896e+06 -2.19447e+06 -2.13458e+06 -1.86053e+06 -1.98418e+06 -1.96125e+06 -1.82192e+06 -1.86635e+06 -1.78947e+06 -1.80388e+06 -2.25824e+06 -2.19952e+06 -1.84968e+06 -1.89602e+06 -2.12798e+06 -1.93561e+06  -1.6828e+06 -1.69744e+06 -2.35998e+06 -2.18915e+06 -1.97761e+06 -1.48188e+06   -1.793e+06 -1.82101e+06  -1.4569e+06      -404407 -1.94524e+06 -1.52723e+06 -1.51159e+06 -2.00955e+06 -2.19768e+06 -1.46609e+06 -1.68625e+06 -1.31461e+06 -2.79893e+06 -2.89527e+06 -2.54903e+06 -2.45321e+06 -2.23305e+06 -1.89064e+06 -1.66312e+06 -1.84666e+06  -1.0816e+06 -1.22711e+06 -2.28883e+06  -2.0485e+06 -1.62706e+06 -1.76121e+06 -1.53655e+06 -1.39741e+06 -1.75447e+06  -2.0685e+06 -1.74242e+06 -1.47603e+06 -1.59232e+06 -1.46589e+06 -1.80066e+06  -2.3495e+06  -2.2231e+06 -1.65261e+06 -2.14159e+06 -1.70445e+06 -1.62381e+06 -1.73569e+06 -1.32253e+06  -1.2259e+06 -1.67043e+06 -1.59325e+06 -2.36773e+06 -2.18505e+06 -1.96053e+06 -1.96368e+06 -2.22853e+06 -1.85104e+06 -1.63741e+06 -1.80047e+06 -2.54087e+06 -2.23846e+06 -1.80101e+06 -1.99479e+06  -2.0348e+06 -2.65135e+06 -2.85049e+06 -3.19273e+06 -2.61254e+06 -2.16896e+06 -1.96006e+06 -1.14792e+06 -1.61424e+06 -1.85353e+06 -2.53345e+06 -2.08249e+06 -2.51872e+06  -1.8434e+06 -2.06195e+06 -2.89196e+06  -2.6199e+06 -2.63795e+06 -2.55758e+06 -2.34863e+06 -2.14898e+06 -1.68749e+06 -1.43217e+06 -1.84254e+06 -1.49974e+06 -2.06506e+06 -1.05923e+06 -2.06773e+06 -2.33791e+06  -1.7676e+06 -1.69133e+06 -1.84044e+06 -1.25416e+06 -1.04731e+06 -2.47196e+06 -2.39789e+06  -1.3058e+06  -2.1857e+06 -1.65033e+06 -1.46478e+06 -1.96469e+06 -1.64165e+06 -1.00574e+06 -8.53234e+06 -2.23199e+06 -3.27739e+06 -2.09274e+06 -1.79021e+06 -1.17473e+06
-3.54965e+06 -1.77375e+08 -1.14046e+07 -8.80573e+06 -8.97322e+06 -8.04897e+06 -8.18879e+06 -6.48465e+06 -2.92044e+06  -5.6197e+06  -2.7095e+06 -5.17791e+06 -4.30831e+06 -3.99462e+06 -3.76915e+06 -3.10993e+06 -3.60628e+06 -3.46399e+06 -2.57805e+06 -3.32778e+06 -3.17513e+06 -3.22839e+06 -3.98348e+06 -4.48062e+06 -3.19712e+06 -3.40039e+06 -3.77882e+06 -3.55583e+06 -2.83957e+06 -2.94943e+06 -5.19915e+06 -4.38792e+06 -3.91357e+06 -2.42203e+06 -3.41196e+06 -3.13091e+06  -2.4744e+06      -640134 -3.75086e+06 -2.66704e+06 -2.64132e+06 -4.12302e+06 -4.84917e+06 -2.71882e+06  -3.4559e+06 -2.93221e+06 -8.61696e+06 -8.60826e+06 -6.66594e+06  -6.3077e+06 -4.73745e+06 -4.47041e+06 -3.58544e+06 -3.96473e+06 -2.73535e+06 -3.60659e+06 -4.98592e+06 -5.03166e+06 -3.76077e+06 -3.86094e+06 -3.44233e+06 -3.02134e+06 -3.40687e+06 -3.93007e+06 -4.22842e+06 -3.35345e+06 -3.49984e+06 -3.54994e+06  -4.0223e+06 -4.85086e+06 -5.04608e+06 -3.83626e+06 -4.61984e+06 -5.03948e+06 -3.34178e+06 -4.34018e+06 -2.41234e+06 -2.92905e+06 -3.64156e+06 -3.21221e+06 -5.21954e+06 -5.30455e+06 -4.19067e+06 -3.93144e+06 -5.87825e+06 -3.68264e+06 -3.29931e+06 -4.01326e+06 -6.73731e+06 -5.75195e+06 -4.25496e+06 -4.57929e+06 -4.39941e+06 -9.82838e+06 -1.05326e+07 -1.23362e+07 -6.94593e+06 -4.97943e+06 -4.02555e+06 -2.74697e+06 -2.83919e+06 -3.93194e+06  -6.8403e+06 -4.92817e+06 -6.72482e+06 -4.26743e+06 -4.62859e+06 -1.01602e+07 -7.95473e+06 -7.84581e+06 -6.85517e+06 -5.38763e+06 -4.47629e+06 -3.58256e+06 -3.28979e+06 -4.14138e+06 -3.38967e+06  -4.6394e+06 -2.25982e+06 -5.12646e+06 -5.89482e+06 -4.00521e+06 -3.69591e+06 -3.62416e+06 -2.32323e+06 -1.83961e+06 -7.87298e+07 -1.43284e+07 -2.67449e+06 -9.73471e+06 -5.69458e+06 -3.41753e+06 -1.12549e+07 -7.11171e+06 -3.17195e+06 -2.91392e+06 -2.09633e+06 -2.55326e+06 -1.89729e+06 -1.56572e+06 -1.00264e+06
-2.86001e+06 -1.14046e+07 -2.62447e+08  -2.0199e+07  -1.3498e+07 -1.07384e+07 -1.12408e+07 -8.02009e+06 -3.16382e+06  -6.6715e+06 -3.09577e+06 -5.87321e+06  -4.8277e+06 -4.29078e+06 -4.35716e+06 -3.25391e+06 -3.92167e+06 -3.57279e+06 -3.15843e+06 -3.54568e+06 -3.16443e+06 -3.32372e+06 -4.54106e+06  -4.9616e+06 -3.49575e+06 -3.78912e+06 -4.04566e+06 -3.56503e+06  -3.1489e+06 -3.17389e+06 -6.15507e+06 -4.61664e+06 -4.55426e+06 -2.71907e+06  -3.5872e+06 -3.22943e+06 -2.61423e+06      -874978 -4.33269e+06 -3.05631e+06 -2.92289e+06 -4.67842e+06 -5.43355e+06 -2.86849e+06 -3.94667e+06 -3.50079e+06 -2.30407e+07 -1.18564e+07 -9.14781e+06 -7.92033e+06 -5.63124e+06 -5.19205e+06 -4.26311e+06 -4.11234e+06 -3.03764e+06 -4.17017e+06 -6.71078e+06 -5.90559e+06 -4.97933e+06 -4.43657e+06 -3.31632e+06 -3.93031e+06 -4.39985e+06 -4.71087e+06 -5.39511e+06 -3.12684e+06 -4.32713e+06 -3.25877e+06 -4.56199e+06 -6.45614e+06 -5.97852e+06 -3.98636e+06 -5.56754e+06 -5.93593e+06 -4.57372e+06 -4.92802e+06 -2.99072e+06 -3.16284e+06 -4.36967e+06 -4.07843e+06 -5.98488e+06 -5.64977e+06 -4.83646e+06 -4.21824e+06  -6.9706e+06 -4.07336e+06 -3.60975e+06 -4.66108e+06 -8.69311e+06 -7.30173e+06  -5.1574e+06  -5.4199e+06 -5.05509e+06   -3.167e+07 -2.77278e+07 -2.33815e+07 -9.82341e+06 -5.73689e+06 -5.07702e+06 -3.02469e+06 -3.58305e+06 -4.18711e+06 -8.40116e+06 -5.36329e+06 -7.80829e+06 -4.71712e+06 -5.29344e+06 -1.61221e+07 -1.08145e+07 -1.04785e+07 -8.54837e+06 -6.18705e+06 -5.27026e+06 -3.62334e+06 -3.48629e+06 -4.23155e+06 -4.02483e+06 -5.43476e+06 -2.50571e+06  -6.3622e+06 -7.18877e+06 -4.72148e+06  -4.0419e+06 -3.54411e+06 -2.34339e+06  -1.8715e+06 -1.08183e+07 -6.90239e+06 -2.50484e+06 -5.81933e+06 -4.00833e+06 -2.98742e+06 -6.08657e+06 -4.54051e+06 -2.43236e+06 -2.55956e+06 -2.03825e+06 -2.48931e+06 -1.84948e+06 -1.63137e+06      -981684
-3.29293e+06 -8.80573e+06  -2.0199e+07 -5.00008e+08 -1.36457e+08 -3.82142e+07 -2.44807e+07 -1.25391e+07 -3.74448e+06  -1.0195e+07 -3.58169e+06 -8.73118e+06 -6.29388e+06 -4.88627e+06 -4.51264e+06 -3.84554e+06 -4.17311e+06 -4.36754e+06 -3.13843e+06 -3.44801e+06 -4.44939e+06 -3.74016e+06 -5.72878e+06 -5.29739e+06 -3.69714e+06 -4.33178e+06 -4.57131e+06 -4.22872e+06  -3.2463e+06 -3.85452e+06   -8.277e+06 -6.26729e+06 -5.61382e+06  -2.8558e+06 -4.63499e+06 -3.73813e+06 -3.26041e+06 -1.42532e+06 -5.61936e+06 -3.65983e+06 -3.10593e+06 -6.43487e+06 -8.70202e+06 -3.57919e+06 -5.88504e+06 -8.25061e+06  -2.4934e+07 -1.30992e+07 -1.00414e+07 -8.08662e+06 -6.90432e+06 -6.92974e+06 -5.06258e+06 -4.83212e+06 -2.52568e+06 -4.63892e+06 -6.77574e+06 -6.48984e+06 -4.48175e+06 -6.77343e+06 -4.57021e+06 -3.77975e+06 -4.90411e+06 -7.60412e+06 -6.11008e+06 -3.85233e+06  -3.7916e+06  -2.8649e+06  -5.0485e+06   -7.435e+06 -5.59265e+06 -4.25246e+06 -6.84205e+06 -4.46828e+06 -4.52541e+06 -5.64659e+06 -5.98339e+06  -3.8905e+06 -5.01454e+06 -4.60113e+06 -7.20168e+06 -8.40021e+06 -6.05358e+06 -5.10619e+06 -6.32404e+06 -4.88045e+06 -4.39856e+06  -6.0354e+06 -9.52665e+06 -8.83119e+06 -6.49484e+06 -6.62611e+06  -5.8926e+06 -1.21799e+07 -1.41414e+07 -1.75785e+07 -9.68891e+06 -6.71614e+06 -5.97015e+06 -3.15553e+06 -4.92233e+06 -5.20212e+06 -8.89341e+06 -5.98302e+06 -8.63998e+06 -5.32032e+06 -6.06761e+06 -1.48929e+07 -1.14113e+07 -1.13923e+07 -9.37093e+06 -7.15371e+06  -6.0336e+06 -4.75993e+06 -3.64517e+06 -5.47939e+06  -4.3711e+06 -6.39937e+06 -3.08631e+06  -6.7846e+06 -8.87256e+06 -5.31819e+06 -4.91729e+06 -4.83409e+06 -2.86202e+06 -2.30684e+06 -9.91902e+06 -7.84545e+06 -3.00908e+06 -6.30938e+06 -4.09513e+06 -3.55045e+06 -6.26025e+06 -4.89152e+06 -2.60948e+06  -2.7774e+06 -2.13409e+06 -2.42976e+06 -2.05472e+06 -1.58684e+06 -1.10792e+06
-3.11227e+06 -8.97322e+06  -1.3498e+07 -1.36457e+08  -2.9353e+08 -4.80539e+07 -2.76976e+07 -1.17851e+07 -3.42745e+06 -9.58417e+06 -3.32616e+06 -8.12333e+06 -6.04261e+06 -4.79159e+06 -4.58908e+06 -3.85885e+06 -4.36688e+06 -3.95007e+06 -2.96475e+06 -3.70115e+06 -3.58615e+06 -3.43451e+06  -5.3137e+06 -5.11649e+06  -3.5594e+06 -3.93841e+06 -4.44082e+06 -3.96343e+06 -3.22455e+06 -3.65121e+06 -7.68546e+06 -5.72709e+06 -5.16352e+06 -2.73535e+06 -4.12172e+06 -3.52059e+06 -3.03702e+06      -921223 -5.24127e+06 -3.66371e+06 -2.95353e+06 -5.54969e+06 -9.56875e+06 -3.35016e+06 -5.68578e+06   -2.232e+06 -1.65792e+07 -1.19727e+07 -9.09967e+06 -7.47118e+06 -6.31855e+06 -6.19051e+06 -4.84057e+06 -4.45118e+06 -3.14809e+06  -3.2395e+06 -7.73866e+06 -6.07226e+06 -5.07861e+06  -5.9612e+06 -3.99416e+06 -3.93497e+06  -4.5008e+06 -7.33877e+06 -5.69181e+06 -4.68486e+06 -3.92239e+06 -3.63938e+06 -4.85658e+06 -6.76868e+06 -6.33589e+06 -3.91673e+06 -5.75201e+06 -5.00546e+06 -5.13953e+06  -5.0473e+06 -3.28087e+06 -4.44927e+06 -4.22969e+06 -4.42794e+06 -6.66964e+06 -6.26811e+06 -4.92234e+06 -4.83479e+06 -5.56893e+06 -4.79003e+06 -4.00349e+06  -5.3086e+06 -9.30055e+06 -8.14369e+06 -5.81763e+06 -6.07389e+06 -5.50847e+06 -1.14131e+07 -1.29342e+07 -1.47522e+07 -8.79898e+06  -5.9774e+06  -5.8642e+06 -3.42992e+06 -4.51019e+06 -5.37647e+06 -8.30268e+06 -5.33379e+06 -7.91002e+06 -5.03117e+06 -5.45326e+06  -1.3024e+07 -1.03521e+07 -1.00451e+07 -8.42099e+06 -6.61226e+06 -5.14269e+06 -3.97912e+06 -3.08171e+06 -4.69747e+06 -3.88946e+06 -5.79594e+06 -2.71437e+06 -6.28346e+06 -7.86131e+06 -4.80916e+06 -4.58519e+06 -4.58867e+06  -2.7261e+06  -2.2091e+06 -9.71646e+06 -7.14916e+06 -2.76994e+06 -5.78709e+06 -3.76727e+06  -3.1151e+06 -5.80596e+06 -4.52779e+06 -2.30754e+06 -2.64118e+06 -2.07795e+06 -2.43006e+06 -1.95537e+06 -1.63699e+06 -1.09212e+06
-2.93275e+06 -8.04897e+06 -1.07384e+07 -3.82142e+07 -4.80539e+07 -1.96997e+08 -4.96734e+07 -1.39219e+07 -3.51196e+06 -1.04364e+07 -3.33193e+06 -8.69718e+06 -6.43887e+06 -4.45887e+06 -4.17943e+06 -3.38851e+06 -3.95215e+06 -4.37936e+06 -2.86011e+06 -4.07454e+06 -3.89398e+06  -3.6167e+06 -5.23584e+06 -5.20528e+06 -3.46587e+06 -3.88282e+06 -4.60449e+06 -3.79113e+06 -3.10836e+06 -3.73052e+06 -7.78938e+06 -5.91915e+06   -5.298e+06 -2.87844e+06 -4.07946e+06 -3.60254e+06 -2.97763e+06      -969107 -5.15891e+06 -3.53873e+06 -3.09741e+06 -6.29038e+06 -3.53174e+06 -2.58344e+06  -3.2228e+06 -2.64169e+06  -1.1876e+07 -9.88424e+06 -7.74587e+06 -6.51586e+06 -5.29475e+06 -5.18736e+06 -3.96383e+06 -4.10851e+06 -3.25819e+06 -3.25592e+06 -6.38565e+06 -5.91405e+06 -4.49825e+06 -4.39966e+06 -3.13671e+06 -3.47713e+06 -4.04561e+06 -4.65036e+06 -4.20642e+06 -4.04061e+06 -3.29365e+06 -3.03838e+06  -4.4786e+06  -6.0181e+06 -5.74267e+06 -3.94721e+06 -5.43819e+06 -4.91566e+06 -4.06768e+06 -4.72973e+06 -4.11275e+06 -3.55432e+06 -4.02727e+06 -3.74511e+06 -5.84143e+06 -5.42804e+06 -4.34534e+06 -4.10767e+06 -5.12605e+06 -4.18933e+06 -3.82288e+06 -4.68507e+06 -8.51611e+06 -6.91685e+06 -5.22321e+06 -5.18734e+06 -5.00778e+06 -9.61084e+06 -1.05833e+07 -1.23695e+07 -7.43489e+06 -5.33218e+06 -4.99537e+06 -2.56895e+06 -3.53522e+06 -4.59758e+06 -6.90006e+06 -4.78384e+06 -6.63779e+06  -4.2054e+06 -4.74332e+06 -1.05995e+07  -8.1386e+06 -8.45913e+06 -7.20509e+06 -5.66455e+06 -4.96786e+06 -3.21279e+06 -2.97405e+06 -4.18578e+06 -3.48044e+06 -4.97557e+06 -2.42301e+06 -5.19638e+06  -6.6318e+06  -4.2252e+06 -3.94674e+06 -3.89356e+06 -2.44128e+06 -1.93898e+06 -7.99354e+06 -6.06001e+06 -2.45747e+06 -5.16696e+06 -3.58762e+06 -2.82008e+06 -4.84548e+06 -3.98223e+06 -2.07033e+06 -2.58008e+06  -2.0369e+06 -2.26168e+06 -1.78932e+06 -1.48608e+06 -1.01851e+06
-3.16205e+06 -8.18879e+06 -1.12408e+07 -2.44807e+07 -2.76976e+07 -4.96734e+07 -3.19513e+08 -2.67872e+07  -3.8865e+06 -1.70658e+07 -4.10815e+06  -1.2077e+07  -8.0645e+06 -5.40871e+06 -5.04403e+06 -3.85171e+06 -4.83898e+06 -4.29099e+06 -4.13722e+06 -3.63415e+06 -3.90444e+06 -3.90799e+06 -6.16976e+06 -6.53883e+06 -3.86557e+06 -4.56517e+06 -4.97159e+06 -4.31712e+06 -3.48444e+06 -4.30858e+06 -1.51182e+07 -6.89289e+06 -6.06177e+06 -3.19571e+06 -4.77195e+06 -4.10911e+06 -3.12438e+06 -1.43825e+06  -5.6128e+06 -4.06875e+06 -3.46788e+06  -6.5372e+06 -4.58543e+06 -3.16026e+06 -4.02606e+06 -3.18611e+06 -1.16342e+07 -1.02862e+07 -8.00241e+06 -7.10189e+06 -5.78752e+06  -4.9904e+06 -3.63767e+06 -4.46452e+06 -3.70989e+06 -4.42808e+06 -6.53425e+06 -6.93874e+06 -5.04288e+06 -5.67822e+06 -4.72276e+06 -3.31759e+06 -4.00832e+06 -5.33947e+06   -5.528e+06 -3.66164e+06 -3.29528e+06 -4.49657e+06  -4.2975e+06 -6.23609e+06 -5.41382e+06 -3.92744e+06 -5.22291e+06 -5.21049e+06 -4.00176e+06 -4.74606e+06 -5.28895e+06 -3.13356e+06 -3.87295e+06 -3.75304e+06 -6.51545e+06 -6.85826e+06 -4.35194e+06 -4.28868e+06  -6.1825e+06 -4.23393e+06 -3.81232e+06 -4.96301e+06 -8.83992e+06 -7.42186e+06 -5.16381e+06 -5.77584e+06 -5.23423e+06 -1.01023e+07  -1.0847e+07 -1.22359e+07 -7.42723e+06 -5.56246e+06 -4.86636e+06 -2.17617e+06 -4.08915e+06 -4.30339e+06 -7.34975e+06 -5.06439e+06 -6.50118e+06 -4.40862e+06 -4.99619e+06 -1.14573e+07 -8.66852e+06 -8.46764e+06 -7.18492e+06 -5.69737e+06 -4.68963e+06 -3.73564e+06 -3.07605e+06 -4.50954e+06 -3.44656e+06 -5.13849e+06  -2.5756e+06 -5.51649e+06 -6.91014e+06 -4.27096e+06 -4.12951e+06 -4.23539e+06 -2.44376e+06 -2.05463e+06 -8.47666e+06 -6.35577e+06 -2.69742e+06  -5.5821e+06 -3.80428e+06 -3.26735e+06 -4.96456e+06 -3.99548e+06 -2.21907e+06 -2.64749e+06 -2.16464e+06 -2.53776e+06 -1.94512e+06  -1.5601e+06 -1.08258e+06
-2.82708e+06 -6.48465e+06 -8.02009e+06 -1.25391e+07 -1.17851e+07 -1.39219e+07 -2.67872e+07 -1.54594e+08 -5.09117e+06 -4.03064e+07 -3.66438e+06 -1.97225e+07    -1.02e+07 -5.42601e+06 -4.78148e+06 -3.71551e+06 -4.41215e+06 -4.33318e+06 -3.46005e+06 -3.94904e+06 -3.51264e+06 -3.78898e+06 -5.96035e+06 -5.71682e+06 -3.85795e+06 -4.36155e+06 -4.92513e+06 -4.18246e+06 -3.67399e+06 -4.37387e+06 -5.38974e+06 -4.53602e+06 -4.87008e+06 -3.25821e+06 -3.92774e+06 -3.79002e+06 -2.92152e+06 -1.70923e+06 -4.00982e+06 -3.05768e+06  -3.0227e+06 -4.51203e+06 -4.97156e+06 -2.84776e+06 -3.66544e+06 -2.78801e+06   -8.584e+06 -8.01148e+06 -6.16504e+06 -5.44586e+06 -4.67971e+06 -4.21291e+06  -3.2424e+06 -3.63937e+06  -1.7559e+06 -3.28821e+06 -5.08886e+06 -4.31026e+06 -3.71547e+06 -5.47787e+06 -2.80437e+06 -2.75768e+06 -3.68052e+06 -3.94197e+06   -3.272e+06 -3.40019e+06 -3.03083e+06 -2.52926e+06 -3.54906e+06 -4.98504e+06 -4.79815e+06 -3.03049e+06 -4.37418e+06 -3.96869e+06 -3.52156e+06 -3.69924e+06 -4.06771e+06 -2.90232e+06 -3.27535e+06 -3.06232e+06 -4.93983e+06 -4.72131e+06 -3.95056e+06 -3.86018e+06 -3.66488e+06  -3.6381e+06  -3.3532e+06  -4.0437e+06 -6.83667e+06 -5.69731e+06 -3.87061e+06 -4.46036e+06 -4.47758e+06 -7.53352e+06 -7.66784e+06 -8.42545e+06 -5.86791e+06 -4.42498e+06 -4.13742e+06 -2.29369e+06 -3.07252e+06 -3.62688e+06 -5.66846e+06 -4.07286e+06 -5.41884e+06  -3.5707e+06 -4.29887e+06 -7.56739e+06 -6.40559e+06 -6.33313e+06 -5.90166e+06 -4.72278e+06 -4.24904e+06 -3.27821e+06 -2.70721e+06 -3.63206e+06 -2.95876e+06 -4.31507e+06 -2.15274e+06 -4.26474e+06 -5.55206e+06 -3.56105e+06 -3.40685e+06 -3.55966e+06 -2.21994e+06 -1.82522e+06 -6.38371e+06 -5.03528e+06 -2.19596e+06 -4.28483e+06 -3.02507e+06 -2.57625e+06 -4.05542e+06 -3.19893e+06 -1.78631e+06 -2.50907e+06 -1.95821e+06 -2.26188e+06 -1.77082e+06 -1.46598e+06      -977845
-1.55674e+06 -2.92044e+06 -3.16382e+06 -3.74448e+06 -3.42745e+06 -3.51196e+06  -3.8865e+06 -5.09117e+06 -2.43192e+07 -2.25073e+06 -1.91574e+06 -2.50245e+06 -2.56988e+06 -2.39038e+06 -2.39948e+06 -1.96796e+06 -2.12867e+06 -2.25792e+06 -1.85865e+06 -2.05556e+06 -1.80773e+06 -2.01103e+06 -2.46051e+06 -2.77732e+06 -2.09156e+06 -2.21603e+06 -2.39321e+06 -2.17654e+06 -1.95529e+06 -1.97426e+06  -2.6521e+06 -2.48946e+06 -2.44215e+06 -1.88352e+06  -2.0729e+06 -2.02551e+06 -1.68486e+06      -803322 -2.31017e+06 -1.77147e+06 -1.73728e+06 -2.39396e+06 -2.39417e+06  -1.4929e+06 -1.87236e+06 -1.30065e+06 -3.16021e+06 -2.97479e+06 -2.65101e+06 -2.42558e+06 -2.10275e+06 -1.93212e+06 -1.67693e+06 -1.68175e+06 -1.14939e+06 -1.30231e+06  -2.4191e+06 -2.04507e+06 -1.92354e+06 -2.13708e+06 -1.72965e+06 -1.45593e+06 -1.76502e+06 -2.09571e+06 -2.37725e+06 -1.85097e+06 -1.33372e+06 -1.63124e+06 -1.78598e+06  -2.1743e+06 -2.27547e+06 -1.56948e+06 -2.30131e+06 -1.90696e+06 -1.61611e+06 -1.93569e+06 -1.34397e+06 -1.42868e+06 -1.49001e+06 -1.63028e+06  -2.4012e+06 -2.25976e+06 -1.99195e+06 -1.85752e+06 -2.07658e+06 -1.80788e+06 -1.62702e+06  -1.8785e+06 -2.83906e+06 -2.51884e+06 -1.88278e+06 -2.16137e+06 -2.09791e+06 -3.02323e+06 -3.11399e+06 -3.30211e+06 -2.60028e+06 -2.23619e+06 -1.95085e+06 -1.29702e+06 -1.73601e+06 -1.84592e+06 -2.65799e+06 -2.04448e+06 -2.51631e+06 -1.87067e+06 -2.05675e+06 -3.22812e+06 -2.78736e+06 -2.83215e+06 -2.65597e+06 -2.26883e+06 -2.09366e+06 -1.71866e+06 -1.41052e+06 -1.82709e+06 -1.47764e+06 -2.08584e+06 -1.02888e+06 -2.08744e+06 -2.43882e+06 -1.71975e+06 -1.64526e+06 -1.76904e+06 -1.18136e+06      -961575 -2.91631e+06 -2.27591e+06 -1.16221e+06 -2.04413e+06 -1.49008e+06 -1.34908e+06 -1.95228e+06 -1.67889e+06      -891116 -1.42611e+06 -1.18551e+06  -1.3644e+06 -1.09489e+06      -860257      -633948
-2.64586e+06  -5.6197e+06  -6.6715e+06  -1.0195e+07 -9.58417e+06 -1.04364e+07 -1.70658e+07 -4.03064e+07 -2.25073e+06 -1.06379e+08 -4.23169e+06 -2.78795e+07 -1.12263e+07 -5.27845e+06 -4.89716e+06 -3.71494e+06 -4.41867e+06 -4.56076e+06 -3.28798e+06 -3.81151e+06  -3.4657e+06 -3.83573e+06 -5.92137e+06 -5.77208e+06 -3.78982e+06 -4.40228e+06 -4.82222e+06 -4.18398e+06 -3.67005e+06 -3.73025e+06 -4.54974e+06 -4.55422e+06 -4.41882e+06 -2.95527e+06 -3.51291e+06 -3.50587e+06 -2.16684e+06 -1.08281e+06 -3.96976e+06  -2.9005e+06  -2.8564e+06 -4.48394e+06 -4.50225e+06 -2.59943e+06 -3.27574e+06 -2.56113e+06 -7.07859e+06 -6.99757e+06 -5.47169e+06 -4.71739e+06 -4.42575e+06  -4.0001e+06 -3.06855e+06 -3.29409e+06 -1.59331e+06 -2.81069e+06 -4.68117e+06  -4.7056e+06 -4.18829e+06 -4.26567e+06 -2.86096e+06 -2.44835e+06 -2.95825e+06 -3.82293e+06 -3.13477e+06 -2.23935e+06 -2.38472e+06 -2.58757e+06 -3.13217e+06 -4.60439e+06 -4.26187e+06 -3.03671e+06 -3.75689e+06 -3.78303e+06 -3.17402e+06 -3.76942e+06 -2.97309e+06  -2.7769e+06 -2.95694e+06 -3.20275e+06 -4.33359e+06 -4.08034e+06 -3.59735e+06 -3.34775e+06 -4.25922e+06 -3.20016e+06 -2.88103e+06 -3.57976e+06 -5.87235e+06 -4.74381e+06 -3.53906e+06 -3.92875e+06  -3.9567e+06 -6.30621e+06 -6.63767e+06  -7.1974e+06 -5.08036e+06 -3.89647e+06 -3.77581e+06 -2.00298e+06 -2.70123e+06 -3.34841e+06 -4.80969e+06 -3.72901e+06 -4.92191e+06 -3.22338e+06  -3.8378e+06 -6.58024e+06  -5.6118e+06 -5.36779e+06 -5.11952e+06 -4.16087e+06 -3.76169e+06 -3.08103e+06 -2.32868e+06 -3.31891e+06 -2.70338e+06  -3.8556e+06 -1.87419e+06 -3.83986e+06 -4.67519e+06 -3.18051e+06 -3.05795e+06 -3.12014e+06 -2.03428e+06 -1.63357e+06 -5.38127e+06 -4.54837e+06 -2.01637e+06 -3.87626e+06 -2.81449e+06  -2.3234e+06 -3.56969e+06 -2.87178e+06 -1.61582e+06 -2.34964e+06 -1.82183e+06   -2.071e+06 -1.65699e+06 -1.44766e+06      -936350
-1.56714e+06  -2.7095e+06 -3.09577e+06 -3.58169e+06 -3.32616e+06 -3.33193e+06 -4.10815e+06 -3.66438e+06 -1.91574e+06 -4.23169e+06 -3.11117e+07  -3.7966e+06 -2.89614e+06 -2.76863e+06 -2.84629e+06 -2.49571e+06 -2.65449e+06 -2.61161e+06 -2.13583e+06  -2.4982e+06   -2.315e+06 -2.32824e+06 -3.04066e+06 -3.26726e+06 -2.57475e+06 -2.63545e+06 -2.81531e+06 -2.46525e+06 -2.30302e+06 -2.42057e+06 -2.71538e+06 -2.64727e+06 -2.56382e+06 -1.89433e+06 -2.23927e+06 -2.07186e+06 -1.97774e+06      -878154 -2.37203e+06 -1.79304e+06 -1.78543e+06 -2.46949e+06 -2.38199e+06 -1.49389e+06 -1.84648e+06 -1.37751e+06 -3.14492e+06 -2.95067e+06 -2.54243e+06 -2.46521e+06 -2.27014e+06 -2.09632e+06 -1.84023e+06 -1.84866e+06 -1.26415e+06 -1.59275e+06 -2.34881e+06 -2.33712e+06 -2.16656e+06 -2.23677e+06 -1.92547e+06 -1.34914e+06 -1.82493e+06 -2.11372e+06 -1.35028e+06  -1.9044e+06 -1.24133e+06 -1.59563e+06 -1.74403e+06 -2.21018e+06 -2.29363e+06 -1.61703e+06 -2.09055e+06 -2.38092e+06 -1.79619e+06 -1.66222e+06 -1.61638e+06 -1.35344e+06 -1.83561e+06 -1.80891e+06 -2.37828e+06 -2.33158e+06 -2.07769e+06 -1.93029e+06 -2.32972e+06 -1.86373e+06 -1.65493e+06 -1.98662e+06 -2.82948e+06 -2.46165e+06 -1.99292e+06 -2.14405e+06 -2.16154e+06 -2.88188e+06 -3.03134e+06  -3.1547e+06 -2.62989e+06 -2.29753e+06 -1.97217e+06 -1.16577e+06 -1.53117e+06  -1.9076e+06 -2.52279e+06 -2.02651e+06 -2.49577e+06 -1.93219e+06 -2.04708e+06 -2.92589e+06 -2.70793e+06 -2.72719e+06 -2.46415e+06 -2.20092e+06 -2.15059e+06 -1.82272e+06 -1.33832e+06 -1.83905e+06 -1.48369e+06 -2.06766e+06 -1.06626e+06 -2.00892e+06  -2.3394e+06 -1.73355e+06 -1.65083e+06 -1.71222e+06 -1.18273e+06      -970681  -2.5756e+06 -2.31096e+06 -1.22245e+06 -2.03561e+06 -1.56631e+06 -1.38289e+06 -1.91102e+06 -1.55657e+06      -922850 -1.45264e+06 -1.25155e+06 -1.36409e+06 -1.08389e+06      -921900      -649265
-2.55457e+06 -5.17791e+06 -5.87321e+06 -8.73118e+06 -8.12333e+06 -8.69718e+06  -1.2077e+07 -1.97225e+07 -2.50245e+06 -2.78795e+07  -3.7966e+06 -1.05867e+08 -1.68887e+07 -5.23697e+06 -5.25394e+06 -4.03375e+06 -4.74343e+06 -4.75919e+06 -3.47901e+06 -4.33472e+06 -3.61333e+06 -4.07923e+06 -6.41653e+06 -6.36643e+06 -4.24021e+06 -4.85201e+06 -5.03216e+06 -4.47574e+06 -4.04396e+06   -4.793e+06 -4.54007e+06 -4.44973e+06  -4.1901e+06 -2.77399e+06  -3.4104e+06 -3.28391e+06 -2.35101e+06      -994211 -3.84298e+06 -2.91253e+06 -2.74222e+06 -4.07914e+06 -4.04646e+06 -2.46111e+06 -3.07042e+06  -2.3736e+06 -6.29085e+06 -6.08167e+06 -4.75087e+06 -4.35562e+06 -4.16472e+06 -3.93758e+06 -3.00716e+06 -3.17451e+06   -2.196e+06 -2.33896e+06 -4.04238e+06 -4.56939e+06 -3.22905e+06 -3.05825e+06 -2.79959e+06 -2.52001e+06 -2.86881e+06 -3.48586e+06 -3.55485e+06 -3.11767e+06 -2.35165e+06 -2.78843e+06 -2.65574e+06 -4.21373e+06 -4.48559e+06 -2.60056e+06 -3.75115e+06   -3.857e+06 -2.83011e+06 -3.44456e+06  -2.7392e+06  -2.3231e+06 -2.49209e+06  -2.9558e+06 -4.14662e+06 -3.74755e+06 -3.22506e+06 -3.05978e+06 -4.05081e+06 -3.21969e+06 -2.51516e+06 -3.23655e+06 -5.05356e+06 -4.39138e+06 -3.27929e+06 -3.65111e+06 -3.64048e+06  -5.5377e+06 -5.77767e+06 -6.67739e+06  -4.6418e+06 -3.56688e+06  -3.3979e+06 -1.65308e+06 -2.78812e+06 -3.31743e+06 -4.51978e+06 -3.42142e+06 -4.32363e+06 -3.03865e+06 -3.36103e+06 -6.13303e+06 -4.85275e+06 -4.76158e+06 -4.55367e+06 -3.99626e+06 -3.51367e+06 -2.78564e+06 -2.23526e+06 -3.08981e+06 -2.46077e+06 -3.39893e+06 -1.76273e+06 -3.54889e+06 -4.26159e+06 -2.92331e+06 -2.84493e+06 -2.90957e+06 -1.90512e+06 -1.55156e+06 -4.82286e+06 -3.95828e+06 -1.94411e+06 -3.55667e+06 -2.58054e+06 -2.23858e+06 -3.25997e+06 -2.57588e+06 -1.49105e+06 -2.30984e+06  -1.8237e+06  -2.0331e+06 -1.61336e+06 -1.44749e+06      -899207
-2.29896e+06 -4.30831e+06  -4.8277e+06 -6.29388e+06 -6.04261e+06 -6.43887e+06  -8.0645e+06    -1.02e+07 -2.56988e+06 -1.12263e+07 -2.89614e+06 -1.68887e+07 -7.91145e+07 -5.20909e+06 -5.28756e+06 -4.40146e+06 -5.35614e+06 -4.93966e+06 -3.77955e+06  -4.5231e+06 -4.21688e+06 -4.20249e+06  -9.3512e+06 -6.31041e+06 -4.65805e+06 -5.38905e+06 -5.78548e+06 -4.95016e+06  -4.4698e+06 -5.16174e+06 -3.95545e+06 -3.87375e+06 -3.67457e+06 -2.49727e+06  -3.1447e+06 -3.01418e+06 -2.21957e+06 -1.08215e+06 -3.35364e+06 -2.46611e+06 -2.41725e+06 -3.43459e+06 -3.50647e+06  -2.2167e+06 -2.71515e+06 -2.01624e+06 -4.81005e+06 -4.51021e+06 -3.98948e+06 -3.75453e+06 -3.56823e+06 -3.03559e+06 -2.73431e+06 -2.92793e+06 -1.85108e+06 -2.48007e+06 -3.96315e+06 -3.59205e+06 -3.42199e+06 -2.75256e+06 -2.62333e+06 -2.40998e+06 -2.48328e+06 -2.89811e+06 -2.95671e+06  -3.0302e+06  -1.8924e+06 -2.34487e+06 -2.94527e+06 -3.84666e+06 -3.75608e+06  -2.6137e+06 -3.42926e+06 -2.44535e+06 -2.40162e+06 -3.01232e+06 -2.27567e+06 -2.47655e+06 -2.41224e+06 -2.28171e+06 -3.48404e+06 -3.17052e+06 -2.93179e+06 -2.85084e+06 -3.36863e+06 -2.63015e+06 -2.31055e+06  -2.7599e+06 -4.07484e+06 -3.56836e+06 -2.77904e+06 -3.16577e+06 -3.18346e+06 -4.26952e+06 -4.35023e+06 -4.93688e+06 -3.94556e+06 -3.13441e+06 -3.00239e+06 -1.26467e+06 -2.47939e+06  -2.8216e+06 -3.87022e+06  -2.9974e+06 -3.68078e+06 -2.66519e+06 -2.90427e+06  -4.6023e+06 -4.15454e+06 -4.07297e+06 -3.71974e+06 -3.43969e+06  -3.1551e+06 -2.49479e+06 -1.87465e+06 -2.69881e+06 -1.99969e+06 -3.17316e+06 -1.51793e+06 -2.98738e+06 -3.48431e+06  -2.5147e+06 -2.37895e+06 -2.45864e+06 -1.68993e+06 -1.41431e+06 -3.92498e+06 -3.36552e+06 -1.78292e+06 -3.09155e+06 -2.28664e+06  -2.0096e+06 -2.75033e+06  -2.2212e+06 -1.36726e+06 -2.11293e+06 -1.71303e+06 -1.97271e+06 -1.58363e+06 -1.25647e+06      -880719
-2.19447e+06 -3.99462e+06 -4.29078e+06 -4.88627e+06 -4.79159e+06 -4.45887e+06 -5.40871e+06 -5.42601e+06 -2.39038e+06 -5.27845e+06 -2.76863e+06 -5.23697e+06 -5.20909e+06 -1.11341e+08 -1.45549e+07 -5.75451e+06 -8.19964e+06 -7.13036e+06 -5.59729e+06  -7.0293e+06 -5.61007e+06 -4.73035e+06 -1.86259e+07  -9.3821e+06 -5.88813e+06 -6.90536e+06 -7.25212e+06 -6.53097e+06 -4.87871e+06 -3.42798e+06 -3.52321e+06  -3.4661e+06 -3.52689e+06 -2.33434e+06 -2.84716e+06 -2.73683e+06 -2.17136e+06      -829465 -3.07122e+06 -2.23981e+06 -2.22121e+06  -2.9962e+06 -3.29567e+06 -2.03526e+06 -2.54309e+06 -1.79816e+06 -4.05003e+06 -3.98792e+06  -3.4547e+06 -3.49958e+06 -3.07448e+06 -2.66469e+06 -2.13597e+06 -2.39991e+06 -1.66011e+06 -1.77475e+06 -3.23604e+06 -3.58536e+06 -2.53752e+06 -2.65616e+06 -2.11809e+06 -1.83658e+06 -2.59399e+06  -3.0159e+06 -1.77161e+06 -2.56061e+06 -1.69199e+06   -1.695e+06 -2.33467e+06 -3.16256e+06 -2.78519e+06 -2.27777e+06  -3.0622e+06 -2.24991e+06 -1.99922e+06  -2.2289e+06 -1.58193e+06 -1.81077e+06 -2.85557e+06 -2.04017e+06 -3.32623e+06 -3.06626e+06 -2.56454e+06 -2.80599e+06 -3.01203e+06 -2.46213e+06 -2.01417e+06 -2.46569e+06 -3.62364e+06 -3.16946e+06 -2.46933e+06 -2.87699e+06 -2.90591e+06 -3.98653e+06 -3.92766e+06  -4.4962e+06 -3.49288e+06 -2.89897e+06 -2.92602e+06 -1.52369e+06 -2.12057e+06 -2.56118e+06 -3.55048e+06 -2.69782e+06 -3.59419e+06 -2.42508e+06 -2.77353e+06 -4.06817e+06 -3.55248e+06 -3.79052e+06 -3.39483e+06  -3.1413e+06 -2.94119e+06 -2.39316e+06  -2.1275e+06 -2.64466e+06 -1.95761e+06 -2.77447e+06 -1.43221e+06 -2.76237e+06 -3.15779e+06 -2.39878e+06 -2.25542e+06 -2.37041e+06 -1.60754e+06 -1.33167e+06 -3.68344e+06  -3.0952e+06 -1.60689e+06 -2.73575e+06  -2.1065e+06 -1.87014e+06 -2.59868e+06 -2.19278e+06 -1.28018e+06 -2.04949e+06 -1.76275e+06 -1.93262e+06 -1.58861e+06 -1.27862e+06      -848699
-2.13458e+06 -3.76915e+06 -4.35716e+06 -4.51264e+06 -4.58908e+06 -4.17943e+06 -5.04403e+06 -4.78148e+06 -2.39948e+06 -4.89716e+06 -2.84629e+06 -5.25394e+06 -5.28756e+06 -1.45549e+07 -1.72031e+08 -5.46436e+06 -1.68563e+07 -1.20593e+07 -7.78394e+06 -1.17983e+07  -8.3798e+06 -1.13671e+07 -8.50754e+06 -8.63949e+06 -5.51011e+06 -6.18112e+06 -6.69471e+06 -5.83728e+06 -4.81326e+06 -3.52784e+06 -3.68951e+06 -3.54629e+06 -3.27022e+06 -2.25371e+06 -2.98274e+06 -2.74961e+06 -2.47481e+06 -1.10375e+06 -2.98944e+06 -2.13443e+06 -2.27025e+06 -3.01006e+06 -3.31216e+06 -1.98383e+06 -2.53023e+06  -1.8383e+06 -4.21522e+06 -4.12461e+06 -3.52838e+06 -3.57553e+06 -3.57635e+06 -2.98845e+06  -2.3401e+06 -2.37072e+06 -1.29177e+06 -1.41712e+06 -3.99057e+06 -3.65715e+06 -3.67885e+06 -2.87009e+06 -1.96358e+06 -2.15185e+06 -2.74357e+06 -2.30275e+06 -2.96662e+06  -2.0486e+06 -2.03888e+06 -2.39161e+06 -2.49205e+06 -3.72446e+06 -3.17923e+06 -2.48446e+06 -2.55531e+06 -2.99669e+06 -1.91068e+06 -2.57001e+06  -1.8368e+06 -2.55837e+06 -2.01506e+06 -2.01441e+06 -3.48654e+06 -3.33319e+06 -2.66909e+06 -2.46002e+06 -2.38606e+06 -2.51761e+06  -2.2985e+06 -2.41081e+06 -3.47145e+06  -3.1308e+06 -2.62704e+06 -2.95575e+06 -2.89178e+06 -3.81283e+06 -4.49465e+06 -4.42411e+06 -3.48833e+06 -2.99546e+06 -2.81814e+06 -1.17869e+06 -2.47535e+06 -3.00646e+06  -3.5506e+06 -2.84524e+06 -3.45002e+06 -2.58836e+06 -2.91181e+06 -4.15517e+06 -3.65436e+06  -3.9242e+06 -3.45096e+06 -3.18165e+06 -3.09354e+06  -2.6915e+06 -1.72435e+06 -2.97579e+06 -1.92286e+06 -2.79198e+06 -1.44693e+06 -2.69184e+06 -2.99533e+06 -2.30814e+06 -2.25852e+06  -2.3509e+06 -1.61959e+06 -1.32177e+06 -3.49228e+06 -3.01309e+06 -1.57175e+06 -2.69853e+06 -2.10476e+06 -1.81593e+06 -2.63416e+06 -2.22499e+06 -1.29965e+06 -1.99023e+06 -1.84244e+06 -1.94399e+06 -1.70137e+06 -1.31881e+06      -861328
-1.86053e+06 -3.10993e+06 -3.25391e+06 -3.84554e+06 -3.85885e+06 -3.38851e+06 -3.85171e+06 -3.71551e+06 -1.96796e+06 -3.71494e+06 -2.49571e+06 -4.03375e+06 -4.40146e+06 -5.75451e+06 -5.46436e+06 -2.28332e+08 -2.72072e+07 -1.11033e+07 -9.56298e+06 -9.38399e+06 -8.11934e+06  -5.2883e+06  -5.6803e+06 -5.92323e+06 -4.14925e+06 -4.38873e+06 -4.92417e+06 -4.37376e+06  -3.7356e+06 -2.93743e+06 -3.00997e+06 -3.16638e+06 -2.80458e+06 -2.01536e+06 -2.71199e+06 -2.41551e+06 -3.49489e+06      -950639 -2.68596e+06 -2.03267e+06 -1.93972e+06 -2.58465e+06 -2.78724e+06 -1.82725e+06  -2.3604e+06 -1.62048e+06 -3.45816e+06 -3.14515e+06 -2.92867e+06 -2.97248e+06 -3.43952e+06 -2.92263e+06 -2.28366e+06 -2.56075e+06 -1.25029e+06  -1.2013e+06  -3.4506e+06 -2.75615e+06 -2.20377e+06 -2.58272e+06 -1.77557e+06 -1.83414e+06 -2.52392e+06 -2.66075e+06 -2.18482e+06 -1.90283e+06 -1.48658e+06 -2.09025e+06 -2.59669e+06 -3.31658e+06 -3.32108e+06 -1.91846e+06   -2.872e+06 -2.87568e+06 -3.36251e+06 -2.30667e+06 -1.69719e+06  -1.5368e+06 -2.13552e+06  -1.7922e+06  -2.9504e+06 -2.74303e+06 -2.55076e+06 -2.69267e+06 -3.27443e+06 -2.33001e+06 -2.05531e+06 -2.19349e+06 -3.24561e+06 -2.71506e+06 -2.11863e+06 -2.20535e+06  -2.4623e+06 -3.37631e+06 -3.93357e+06 -3.15749e+06 -3.08862e+06 -2.66006e+06  -2.2729e+06 -1.38508e+06 -1.42413e+06 -2.57549e+06 -2.96204e+06 -2.48348e+06 -3.05062e+06 -2.25965e+06 -2.56211e+06 -3.55637e+06 -3.15031e+06 -3.23174e+06  -3.1205e+06 -2.73108e+06 -2.79378e+06 -2.44762e+06 -1.82428e+06 -2.56511e+06  -1.7356e+06 -2.49853e+06 -1.43886e+06 -2.37569e+06  -2.6346e+06 -2.02075e+06 -1.94201e+06 -2.03437e+06 -1.38419e+06 -1.19835e+06 -2.90229e+06 -2.53369e+06 -1.45148e+06  -2.5477e+06  -1.7993e+06 -1.65447e+06 -2.29496e+06 -1.87671e+06 -1.20288e+06 -1.77407e+06 -1.58892e+06 -1.74874e+06 -1.42238e+06 -1.17274e+06      -773980
-1.98418e+06 -3.60628e+06 -3.92167e+06 -4.17311e+06 -4.36688e+06 -3.95215e+06 -4.83898e+06 -4.41215e+06 -2.12867e+06 -4.41867e+06 -2.65449e+06 -4.74343e+06 -5.35614e+06 -8.19964e+06 -1.68563e+07 -2.72072e+07 -3.79791e+08 -2.73883e+07 -1.27895e+07 -1.65588e+07  -8.5826e+06 -6.92161e+06 -7.53509e+06 -1.05838e+07 -4.99513e+06 -5.49774e+06 -5.97355e+06 -5.22679e+06 -4.35468e+06 -3.05756e+06 -3.30575e+06 -3.30702e+06 -3.65277e+06 -2.15356e+06 -2.87475e+06 -2.48305e+06 -2.70052e+06 -1.25192e+06 -2.94561e+06 -2.25016e+06 -1.99782e+06 -2.79969e+06   -2.985e+06 -2.05449e+06 -2.49997e+06 -1.83419e+06 -4.26169e+06 -4.00686e+06 -3.43362e+06 -3.54316e+06 -3.03182e+06 -3.17047e+06  -2.2654e+06 -2.44176e+06 -1.47399e+06 -1.99231e+06 -4.00821e+06 -3.85831e+06 -4.78442e+06 -3.34613e+06 -3.02215e+06 -1.93755e+06 -2.45596e+06 -3.00616e+06 -3.48369e+06 -2.02816e+06  -1.5587e+06 -2.37915e+06 -2.64806e+06 -3.74331e+06 -4.26173e+06 -2.29082e+06 -3.55985e+06 -3.09657e+06 -2.28528e+06 -2.86187e+06 -2.61361e+06  -1.6211e+06 -2.43315e+06 -2.17922e+06  -3.1659e+06  -2.8656e+06 -2.84472e+06 -2.56541e+06 -3.46835e+06 -2.43759e+06 -2.38457e+06 -2.35882e+06  -3.6179e+06 -3.04601e+06 -2.85099e+06 -2.58191e+06 -2.73501e+06 -3.79557e+06 -3.78305e+06 -4.20135e+06 -3.34788e+06 -2.92081e+06  -2.6946e+06      -648178 -2.03604e+06 -2.77716e+06 -3.39154e+06 -2.88903e+06 -3.64757e+06 -2.66198e+06 -2.75965e+06 -3.64329e+06  -3.6093e+06 -3.42418e+06 -3.48813e+06 -3.01807e+06 -3.06843e+06 -2.61628e+06 -1.64456e+06 -2.76384e+06 -2.17493e+06 -2.88198e+06 -1.49815e+06 -2.65436e+06 -3.02096e+06 -2.20064e+06  -2.1845e+06 -2.23198e+06 -1.50531e+06 -1.26456e+06 -3.42662e+06 -2.80167e+06 -1.51304e+06 -2.66761e+06 -1.89845e+06 -1.80659e+06 -2.46776e+06  -1.9759e+06 -1.21813e+06 -1.85126e+06 -1.68393e+06 -1.96089e+06 -1.54438e+06 -1.23966e+06      -829887
