
72

(dipodomys_ordii:0.1233487482,(jaculus_jaculus:0.0991311309,((((mus_pahari:0.0174903318,((mus_spretus:0.0040492780,mus_musculus:0.0038690572):0.004976590572,mus_caroli:0.0085401659):0.009481395136):0.02060328301,rattus_norvegicus:0.0391654442)'B(0.072,0.16)':0.03360435732,((microtus_ochrogaster:0.0496646417,peromyscus_maniculatus_bairdii:0.0397323998):0.002953985033,(cricetulus_griseus_chok1gshd:0.0272966816,mesocricetus_auratus:0.0297129742):0.01774498653):0.01318380625):0.04333395166,nannospalax_galili:0.0702546629):0.02312991707):0.02307380388,((((((((((((panthera_tigris_altaica:0.0025255704,panthera_pardus:0.0018265305):0.003465656957,felis_catus:0.0050601604):0.03924844003,(canis_familiaris:0.0449622458,(ailuropoda_melanoleuca:0.0302032143,mustela_putorius_furo:0.0427960957):0.009189490853)'B(0.373,0.6611)':0.01042517363)'B(0.373,0.6611)':0.02773465526,((((((capra_hircus:0.0051568409,ovis_aries:0.0065972392):0.01156294984,bos_taurus:0.0149446923)'B(0.16,0.281)':0.04992607271,tursiops_truncatus:0.0402557141)'B(0.505,0.6611)':0.008947730831,sus_scrofa:0.0618989425):0.004726774609,vicugna_pacos:0.0562861246)'B(0.505,0.6611)':0.01993993723,equus_caballus:0.0588637241)'B(0.524,0.6611)':0.002244615706):0.001258001511,(pteropus_vampyrus:0.0627904209,myotis_lucifugus:0.0853844503)'B(0.476,0.6611)':0.01785336968):0.003589001177,(erinaceus_europaeus:0.1339328137,sorex_araneus:0.1555816311)'B(0.616,1.646)':0.02635927229):0.01189153463,(((echinops_telfairi:0.1326660869,(loxodonta_africana:0.0466734293,procavia_capensis:0.0835743496)'B(0.56,1.646)':0.01654645731)'B(0.56,1.646)':0.03029625471,(dasypus_novemcinctus:0.0726483096,choloepus_hoffmanni:0.0554463575)'B(0.476,1.646)':0.03092421357):0.003098612468,((monodelphis_domestica:0.0739693459,(sarcophilus_harrisii:0.0675896032,notamacropus_eugenii:0.0589488166)'B(0.2303,0.56)':0.01609920439)'B(0.476,1.313)':0.1281381867,ornithorhynchus_anatinus:0.3132290376)'B(1.2156,1.696)':0.1556696226)'B(0.616,1.646)':0.01226020418):0.01228209382,((((((colobus_angolensis_palliatus:0.0063201973,(rhinopithecus_bieti:0.0014546454,rhinopithecus_roxellana:0.0011706091):0.004816999536):0.003116110004,((((mandrillus_leucophaeus:0.0028371684,cercocebus_atys:0.0030374070):0.0007400864364,papio_anubis:0.0030771968):0.0007860942949,((macaca_fascicularis:0.0008253970,macaca_mulatta:0.0014410298):0.0005642037276,macaca_nemestrina:0.0018436975):0.002066892756)'B(0.053,0.339)':0.001676932586,chlorocebus_sabaeus:0.0058532712)'B(0.0533,0.34)':0.003062352062):0.01030026818,((pongo_abelii:0.0092258176,((homo_sapiens:0.0036342620,(pan_paniscus:0.0012397425,pan_troglodytes:0.0011462730):0.002409436972)'B(0.065,0.1)':0.0009726627759,gorilla_gorilla:0.0045109926)'B(0.0533,0.339)':0.004475408541)'B(0.1163,0.339)':0.001577124837,nomascus_leucogenys:0.0115967452):0.005266545508)'B(0.2444,0.339)':0.01056171329,((saimiri_boliviensis_boliviensis:0.0144573931,cebus_capucinus:0.0121839004):0.002152477522,(callithrix_jacchus:0.0166229942,aotus_nancymaae:0.0131856725):0.0006665029758):0.02225289338)'B(0.339,0.6611)':0.03548662579,carlito_syrichta:0.0745667604):0.006146696577,((propithecus_coquereli:0.0219820131,microcebus_murinus:0.0327732359):0.02086212302,otolemur_garnettii:0.0716743292)'B(0.339,0.6611)':0.01937909137)'B(0.56,0.6611)':0.009704668461)'B(0.616,1.646)':0.00169521364,tupaia_belangeri:0.0996565479):0.006975982461,(ochotona_princeps:0.1000524260,oryctolagus_cuniculus:0.0576148935)'B(0.476,0.6611)':0.05529635276)'B(0.56,1.646)':0.01432204747,ictidomys_tridecemlineatus:0.0822058087)'B(0.56,0.6611)':0.004029708324,(((octodon_degus:0.0596721515,chinchilla_lanigera:0.0383355263):0.007392660332,(cavia_porcellus:0.0024703133,cavia_aperea:0.0050359049):0.0607837137):0.01329264584,(heterocephalus_glaber_female:0.0336077779,fukomys_damarensis:0.0420119881):0.01879868612):0.0604894003)'B(0.476,0.592)':0.01189077651)'B(0.407,0.592)';

   0.123349   0.0230738   0.0991311   0.0231299    0.043334   0.0336044   0.0206033   0.0174903   0.0094814  0.00497659  0.00404928  0.00386906  0.00854017   0.0391654   0.0131838  0.00295399   0.0496646   0.0397324    0.017745   0.0272967    0.029713   0.0702547   0.0118908  0.00402971    0.014322  0.00697598  0.00169521   0.0122821   0.0118915    0.003589    0.001258   0.0277347   0.0392484  0.00346566  0.00252557  0.00182653  0.00506016   0.0104252   0.0449622  0.00918949   0.0302032   0.0427961  0.00224462   0.0199399  0.00472677  0.00894773   0.0499261   0.0115629  0.00515684  0.00659724   0.0149447   0.0402557   0.0618989   0.0562861   0.0588637   0.0178534   0.0627904   0.0853845   0.0263593    0.133933    0.155582   0.0122602  0.00309861   0.0302963    0.132666   0.0165465   0.0466734   0.0835743   0.0309242   0.0726483   0.0554464     0.15567    0.128138   0.0739693   0.0160992   0.0675896   0.0589488    0.313229  0.00970467   0.0061467   0.0354866   0.0105617   0.0103003  0.00311611   0.0063202    0.004817  0.00145465  0.00117061  0.00306235  0.00167693 0.000786094 0.000740086  0.00283717  0.00303741   0.0030772  0.00206689 0.000564204 0.000825397  0.00144103   0.0018437  0.00585327  0.00526655  0.00157712  0.00922582  0.00447541 0.000972663  0.00363426  0.00240944  0.00123974  0.00114627  0.00451099   0.0115967   0.0222529  0.00215248   0.0144574   0.0121839 0.000666503    0.016623   0.0131857   0.0745668   0.0193791   0.0208621    0.021982   0.0327732   0.0716743   0.0996565   0.0552964    0.100052   0.0576149   0.0822058   0.0604894   0.0132926  0.00739266   0.0596722   0.0383355   0.0607837  0.00247031   0.0050359   0.0187987   0.0336078    0.042012

368.442 836.857  438.14 787.694 828.385 938.374 1079.37 1037.21  1396.8 1273.19 1887.93 2086.15 1317.39 882.474 1038.14 977.593 789.072 862.343  1076.9 935.429 805.172 581.827 834.716 1166.18 1030.88 1305.08 1339.48 1283.69 1278.25 1292.26 1696.58 1145.56 961.947  1423.4 940.798 1499.93 1404.92 1195.45 986.962 1236.06 976.575 967.051 1911.93 1224.56 1218.25 1206.39 1018.37 1168.15 1505.29 1593.59 1148.05 822.593 928.111 447.497 821.423 767.621 746.677 635.671 280.148 348.797 254.892 1177.29 1096.08  719.29 362.388 686.852 642.509 504.916 576.765 658.978 379.277 231.838 294.323 458.797 451.554 459.867 350.919  107.51 1329.19  1161.6 1124.66 1675.05 1721.79 2211.22  1559.8 1684.55  2437.7 4073.35 2513.17 2627.74 4637.99 4713.59 2393.44 1308.92 1322.79 2497.64 2285.79 2470.42 1582.27  2480.6 1548.14 1806.66 2177.57 1364.57 1742.48  1515.4 1454.51 2572.36 1308.76 4195.68 1588.52 1184.81 1155.39 1865.47 1094.49 1130.33 2630.56 1085.87 1064.96 658.724 1053.03 925.657 883.658 893.133 736.996 424.977 576.962 408.848 591.718 590.662 732.863  904.22 680.231 497.403 734.822 619.223 1031.81   583.5 765.286 685.705 616.939


Hessian 

-1.31436e+07       127938      75614.1       122730       125347       283525       358077       538296       568661       488828       648193       556538       614502       368957       378162       332187       364247       338570       371688       363448       332532       196356  -2.5613e+06      -774431      -231283      40355.7      42948.8       224041       259655       409759       611698       442213       402193       559324       502101       565834       525553       414140       428426       465006       473724       435944       498264       391074       411693       426939       407814       531693       552766       624775       569461       460931       401454       227746       353552       361410       364935       272354       192526       144998       124169       261375       297191       307762       179557       340289       380338       280242       327534       308049       224938       226220       243562       341829       383191       343805       285842       119603       258446       405218       335098       570122       691930       743403       706464       773464       733451       738646       583118       741492       872610       626921       632863       776907       727135       667127       355685       655036       810344       701693       685372       712433       706943       643032       552811       856550       755363       627194       783615       685848       821481       664902       444016       527618       505566       589734       885283       606445       604598       284987       258604       288837       438046       277999       278049       184007       141338       171186       197835        88477      74067.5       323406       370392       252818       378948       338429       435361       294800       325447       416176       362341
      127938 -6.47108e+07 -1.56082e+06 -1.97751e+07 -5.90254e+06      -288722       287649       906466       801264       757954  1.25688e+06  1.23065e+06  1.09158e+06       563810      -659814      82848.5       516142       217429       287864       501031       475217      -578217 -3.04718e+07 -1.24349e+07 -4.78587e+06  -3.0463e+06 -2.81256e+06      -251728     -55568.2       150716       489806       538220       726540       816707  1.07375e+06  1.23181e+06       928610       728278       722393       632923       896289       608745       420562       237400       516511       495310       655629       952879  1.02045e+06  1.40301e+06       976164       774584       574620       344287       408759       381172       541073       366620       252278       222495       196743       242662       359891       190736       310177       432641       543073       472896       510542       571716       358545       338742       405400       700308       780058       699271       478074       226321      -509355      -308511       152565       941835  1.00012e+06  1.17497e+06  1.37132e+06  1.36879e+06  1.98137e+06  1.29891e+06   1.0484e+06       913498  1.31558e+06       947339  1.40768e+06  1.69059e+06  1.69529e+06  1.38781e+06  1.71587e+06  2.10319e+06  1.68107e+06   1.6883e+06   1.4566e+06       981479  1.31796e+06  1.16171e+06    1.483e+06  1.56334e+06   1.6017e+06  1.20803e+06  1.31292e+06  1.37027e+06  1.53529e+06   1.1472e+06       823054  1.11293e+06       922538  1.13507e+06  1.52158e+06  1.15138e+06  1.16606e+06       229886     -81210.6       304810       666501       463131       278718       116873     -45857.9       251050       330315      -390054      -288947       211975       371942       303981       529789       355041  1.14289e+06       627826       382664       684460       543957
     75614.1 -1.56082e+06 -1.80361e+07 -1.13822e+06      -170859       123819       187341       295550       345138       393409       566943       399228       413611       259195      63208.4       158350       157717       172202       213955       308329       258311       -89423      -743438      -277120       195590       448871       511327       501090       588906       719210       899442       611133       515951       708807       729911       859023       626726       683453       545421       636827       576218       544916       933717       618464       667792       713078       580150       598281       590514       758666       661614       581165       515911       280054       535077       593356       482582       373950       318524       214695       176308       620495       720261       461203       233058       503113       447907       345844       484969       476344       262004       273032       278724       355726       437599       381741       293734       139311       537252       665448       607160       744501       737039       802143       738295       813045       713890       725802       838910       817714       910304       755843       607797       990087       867448       800805  1.18921e+06       681059       986425       858646       886471       869715       802517       752572       852696       676143       868742  1.00638e+06       806111       878006       755123       662031       643224       746804       582179       702235       957282       717943       763401       351562       471153       523658       546337       472635       365386       230796       272935       251009       302950       157513       218994       342484       396848       285083       329362       364339       343092       255658       369905       471869       365794
      122730 -1.97751e+07 -1.13822e+06 -6.55819e+07 -1.11334e+07      -630291      -107768       525743       349962       402163  1.01056e+06       697682       883782       240646 -1.80753e+06      -678722      72690.3      -244595      -143926       139522      83091.3 -2.18618e+06 -1.34517e+07 -6.25948e+06 -2.66295e+06 -1.59444e+06 -1.46099e+06       308365       451473       740893       753811       792477       877971       972096  1.22172e+06  1.06214e+06       867911       879152       851980       880790       954252       880361       837826       706559       886779       803577       721665  1.04794e+06  1.14056e+06  1.36572e+06   1.0337e+06       879991       822521       403834       573407       609657       662291       465115       336862       271360       226474       508326       705083       500743       331347       587887       646971       487659       666081       719047       412888       347466       388741       641729       741338       666395       425247       223901      66349.9       265811       597044  1.11825e+06  1.08319e+06  1.01601e+06  1.34563e+06  1.32177e+06  1.41196e+06  1.57306e+06  1.38082e+06       881738  1.68552e+06  1.69815e+06  1.35582e+06  1.59094e+06  1.62742e+06  1.47024e+06   1.4003e+06  1.46125e+06  1.64578e+06  1.38241e+06  1.66276e+06  1.15541e+06   1.0664e+06  1.31751e+06  1.37349e+06   1.3927e+06  1.65494e+06  1.28639e+06   1.2821e+06  1.49863e+06  1.69647e+06  1.21301e+06       872887  1.22814e+06  1.10581e+06  1.24153e+06   1.6649e+06  1.08746e+06  1.33355e+06       418258       419250       515075       790822       590074       434544       236771       262434       323454       444512     -46939.9      11315.5       317243       452125       375117       539814       431242       962453       633739       459859       621246       553170
      125347 -5.90254e+06      -170859 -1.11334e+07 -5.09796e+07 -1.33824e+06      -675407     -28596.8      -432890      6109.58       563888       274696       186598      -201260 -6.07135e+06 -1.73136e+06      -555621      -999061 -1.27616e+06      -529066      -523129 -2.40816e+06 -4.50412e+06 -1.98381e+06      -778476     -32060.2       190118       857631  1.13465e+06  1.40183e+06  1.60708e+06  1.06902e+06       988050  1.00942e+06  1.36999e+06  1.09695e+06  1.02105e+06   1.1074e+06       962187  1.09126e+06  1.03008e+06  1.02553e+06  1.50177e+06  1.04565e+06   1.1708e+06  1.18511e+06       924979  1.10218e+06  1.16764e+06  1.43223e+06  1.09412e+06   1.0326e+06       810947       509538       788584       969801       802725       649627       521727       352524       266881       911458  1.12288e+06       753399       351042       735754       697250       510917       864529       826691       427825       400138       413353       593627       649262       574331       452458       204293       920266  1.10277e+06       975564  1.28997e+06  1.23556e+06  1.42776e+06  1.26372e+06  1.26833e+06  1.42862e+06  1.23749e+06  1.14098e+06  1.29608e+06   1.2999e+06  1.73042e+06  1.21813e+06  1.41121e+06  1.64429e+06  1.66098e+06  1.44716e+06  1.16368e+06  1.66996e+06  1.45078e+06  1.26026e+06  1.17748e+06  1.29733e+06   1.1047e+06  1.36693e+06  2.03988e+06  1.78113e+06  1.31562e+06  1.48453e+06  1.20242e+06  1.56461e+06  1.45319e+06  1.15823e+06  1.37715e+06  1.10756e+06  1.16368e+06  1.64159e+06  1.30963e+06  1.29411e+06       603151       922768       907711       935059       761040       589386       400172       514177       375655       571705       279274       413192       520198       581737       376621       546802       449303       842019       486001       633441       728069       603010
      283525      -288722       123819      -630291 -1.33824e+06 -7.84968e+07 -1.05198e+07 -1.38104e+06 -3.21178e+06  -1.8548e+06      -898788 -1.79604e+06 -1.03269e+06 -1.69808e+06 -1.64298e+07 -4.89933e+06 -1.67865e+06  -2.3666e+06 -3.05256e+06 -1.95058e+06      -952743      -159562      34326.5       691414  1.04776e+06  1.27356e+06  1.64068e+06  1.37197e+06  1.46649e+06  1.82309e+06  2.00032e+06  1.47174e+06  1.19235e+06  1.08398e+06  1.23446e+06  1.32162e+06  1.20221e+06  1.39209e+06  1.20774e+06  1.20719e+06  1.21683e+06  1.12219e+06  1.98674e+06  1.55923e+06  1.51179e+06  1.44734e+06  1.16405e+06  1.25651e+06  1.19947e+06  1.25586e+06  1.12242e+06  1.05865e+06  1.11742e+06       616878       994128  1.27117e+06       891251       769824       622982       415546       339029  1.20661e+06  1.34039e+06       987884       480520       989704       819830       610460  1.00816e+06       865846       511785       427836       420428       509143       622677       523409       390716       206699  1.63062e+06  1.64153e+06   1.4247e+06  1.53174e+06  1.68633e+06   1.7091e+06  1.74739e+06  1.67074e+06  1.52362e+06  1.74153e+06  1.68621e+06  1.27224e+06  1.89254e+06  1.77298e+06  1.65068e+06  1.81418e+06  1.59844e+06  1.57501e+06  2.32701e+06  1.45627e+06  1.80716e+06  1.96947e+06   1.6977e+06  1.71908e+06  2.01804e+06   1.3281e+06  1.62617e+06  2.14791e+06   2.1057e+06  1.95984e+06  2.03413e+06  1.60697e+06  1.19873e+06  1.67935e+06  1.27911e+06  1.49223e+06  1.38763e+06  1.20379e+06   1.9468e+06  1.43817e+06  1.50893e+06       852735  1.32808e+06  1.23226e+06  1.17501e+06       992416       798965       579204       734186       516596       733910       603213       826234       809951       690992       464660       721143       620844       854390       587793       829063       859607       736587
      358077       287649       187341      -107768      -675407 -1.05198e+07 -1.30503e+08 -2.00026e+06  -1.2589e+07  -6.1023e+06 -2.60504e+06 -5.60861e+06 -3.33347e+06 -9.42292e+06 -4.05911e+06 -2.53078e+06 -1.14377e+06 -1.49826e+06 -1.69453e+06 -1.13271e+06      -732440      6212.74       737174  1.35471e+06  1.54773e+06  1.76828e+06  2.23496e+06  1.56526e+06  1.75451e+06   1.6731e+06  2.39695e+06  1.65012e+06  1.23055e+06  1.26166e+06  1.51161e+06  1.16729e+06       926192  1.55459e+06  1.18308e+06  1.41298e+06  1.20866e+06  1.09887e+06  2.02947e+06  1.62524e+06  1.59613e+06  1.54191e+06  1.22321e+06   1.2277e+06  1.06511e+06  1.60283e+06       981589  1.13624e+06  1.20278e+06       630015  1.12745e+06  1.50469e+06  1.03012e+06       837676       681031       439142       350257   1.5027e+06  1.55794e+06  1.14836e+06       524357  1.11167e+06       914217       678689  1.05399e+06       904237       536154       503869       482558       499698       641058       486127       398865       204429  1.71548e+06  1.74523e+06  1.52143e+06  1.61797e+06  1.41474e+06  1.62453e+06   1.6649e+06  1.77754e+06  1.87708e+06  2.09705e+06  1.36092e+06  1.36724e+06  1.17025e+06  1.82787e+06  1.92407e+06  1.65305e+06  1.53954e+06  2.25924e+06  1.56067e+06  2.05119e+06   1.6456e+06  1.49701e+06  1.67926e+06  1.41877e+06  1.95005e+06  1.25114e+06  2.19404e+06  1.75272e+06   2.2832e+06  1.84606e+06  1.94566e+06  1.20716e+06  1.90162e+06  1.78782e+06  1.25604e+06  1.40998e+06  1.39973e+06  1.53447e+06  2.63159e+06  1.47616e+06  1.36588e+06       968382  1.58338e+06  1.38333e+06  1.16528e+06       999333       882431       592678       815953       591704       810343       673892       868228       900516       966517       569980       735450       675834       676740       418131  1.00427e+06  1.00256e+06       789912
      538296       906466       295550       525743     -28596.8 -1.38104e+06 -2.00026e+06  -1.8536e+08 -2.66773e+07 -6.48302e+06 -4.57571e+06 -4.20613e+06 -3.52788e+06 -1.41055e+06      -699955      -806327      -291401      -327384      -355798      -235174      -138332       281609  1.24165e+06  1.74174e+06  1.69269e+06  1.82476e+06  2.16344e+06  1.94272e+06  1.68079e+06  1.69659e+06  2.88767e+06    1.583e+06  1.17874e+06  1.35844e+06  1.09255e+06  1.66014e+06       974060   1.6304e+06  1.19573e+06  1.42853e+06  1.19045e+06   1.0879e+06  2.22594e+06  1.67161e+06  1.72121e+06  1.47705e+06  1.26102e+06  1.11717e+06       992772  1.23226e+06       967321  1.08119e+06  1.13722e+06       502431  1.13973e+06  1.51086e+06   1.0581e+06       880713       751931       494854       363681  1.62137e+06   1.7336e+06  1.24011e+06       495531   1.0116e+06       899226       692816  1.07946e+06       965292       497760       542148       503053       529873       655060       546917       428446       209762  1.89553e+06  1.97253e+06  1.60648e+06  1.66627e+06  1.05248e+06  1.27914e+06  1.34686e+06  1.22094e+06  1.58224e+06   1.9868e+06  1.28305e+06  1.70709e+06  1.88392e+06  1.52859e+06  1.63988e+06  1.56429e+06  1.32461e+06  1.53128e+06  1.79093e+06  1.72203e+06  1.73615e+06  1.33441e+06  1.19338e+06  1.29807e+06  1.29024e+06  1.42661e+06  1.47128e+06  1.25944e+06       646087   1.5847e+06  1.65837e+06  1.59654e+06  1.47849e+06  1.60581e+06  1.32847e+06  1.48705e+06  1.15093e+06  1.04386e+06  1.41981e+06  1.28789e+06  1.26337e+06       915689  1.40117e+06   1.3774e+06  1.21803e+06  1.29747e+06       988558       624064       940953       548475       715599       832157  1.10204e+06       919263  1.03572e+06       580438       701054       770722      -152005       324350       976696       881189       827360
      568661       801264       345138       349962      -432890 -3.21178e+06  -1.2589e+07 -2.66773e+07  -3.1231e+08 -2.23237e+07 -7.12067e+06 -1.00791e+07 -4.88088e+06 -2.93186e+06 -1.72718e+06 -3.23802e+06      -722899      -885553      -847568      -574373      -363727       410638  1.12053e+06  1.62245e+06  1.87791e+06  1.98277e+06  2.63893e+06  1.95974e+06  1.90462e+06  2.24864e+06  2.51623e+06  1.80362e+06  1.29396e+06  1.33714e+06  1.91181e+06  1.49161e+06  1.13544e+06  1.72603e+06  1.15725e+06   1.3821e+06  1.21224e+06  1.26701e+06  2.66974e+06  1.73055e+06  2.06726e+06  1.62703e+06  1.39461e+06  1.23226e+06  1.10183e+06  1.64132e+06  1.13868e+06  1.00057e+06  1.14942e+06       652781  1.19474e+06  1.54182e+06  1.13806e+06       919299       776220       527167       402131  1.71149e+06  1.70835e+06  1.32932e+06       581981  1.14527e+06  1.02602e+06       723147  1.21872e+06  1.10758e+06       623042       586606       561885       594352       639932       568220       445444       222851  1.83797e+06  1.90299e+06  1.65901e+06  1.74018e+06  1.87732e+06  1.47612e+06  1.72869e+06  1.80048e+06  1.79999e+06  1.64242e+06  1.36899e+06  1.24177e+06       326078  1.48081e+06   1.0181e+06  1.81281e+06  1.79251e+06  1.68914e+06  1.19186e+06  2.00811e+06  2.03156e+06  1.46654e+06  1.58097e+06  1.47426e+06  1.10857e+06  1.41174e+06  1.45301e+06  2.01247e+06  1.96311e+06  1.58424e+06  1.28781e+06  1.86365e+06    1.587e+06  1.67908e+06  1.55093e+06  1.82455e+06  1.28729e+06  1.47413e+06  1.64147e+06  1.53356e+06  1.29943e+06  1.02489e+06  1.57442e+06  1.44604e+06       993067  1.29915e+06  1.04406e+06       630841  1.05959e+06       551324       832702       861982  1.18518e+06  1.10445e+06       661734       631153       779851       897468       503077       283741       995083       938248       952346
      488828       757954       393409       402163      6109.58  -1.8548e+06  -6.1023e+06 -6.48302e+06 -2.23237e+07 -6.63097e+08 -8.57803e+06 -2.63701e+07 -3.56486e+07 -2.13701e+06      -655367      -470905      -383263      -441916      -163023      -333832      -329658       302605  1.26794e+06  1.89032e+06  1.54411e+06  2.33055e+06  2.57801e+06  2.29984e+06  2.05675e+06   2.3962e+06  3.22986e+06  2.12081e+06  1.47164e+06  1.41359e+06  1.23009e+06  1.69018e+06  1.22627e+06  1.59318e+06  1.45335e+06  1.48473e+06   1.2396e+06  1.48192e+06  3.21049e+06  2.03099e+06  2.23658e+06  1.48738e+06    1.407e+06  1.29784e+06  1.57094e+06  1.27647e+06  1.21369e+06  1.22764e+06  1.24463e+06       652265  1.38091e+06  1.52165e+06  1.04069e+06  1.12275e+06       808714       524806       434473  1.82237e+06  1.72564e+06   1.2796e+06       559320  1.11552e+06       933616       735122  1.16313e+06       999987       715759       615522       615741       597844       546257       422464       460978       200856  2.13388e+06  2.01547e+06  1.83125e+06  1.76811e+06  1.57256e+06       902282  1.88338e+06  1.65277e+06  2.47834e+06  2.32346e+06  1.25112e+06  1.86388e+06  2.08663e+06       512823  1.53358e+06   1.6802e+06  1.42167e+06  1.85907e+06  1.89581e+06       559612  2.13939e+06  1.35764e+06  1.87754e+06  1.67987e+06  1.97108e+06  1.35999e+06  2.17892e+06  2.69544e+06   1.9766e+06  1.31004e+06  1.00754e+06       451861   1.6392e+06  1.52561e+06   1.4219e+06  1.44178e+06  1.17158e+06  1.43191e+06  1.28137e+06  1.37311e+06  1.17461e+06       951963  1.68255e+06  1.22816e+06  1.20221e+06  1.23677e+06  1.07158e+06       591206  1.33429e+06       673709       981950       883824  1.31638e+06       705879  1.07025e+06       460763       789413       736278       740419       657044       793443       781846       999711
      648193  1.25688e+06       566943  1.01056e+06       563888      -898788 -2.60504e+06 -4.57571e+06 -7.12067e+06 -8.57803e+06 -9.03456e+08 -4.00259e+07 -7.31004e+06 -1.02577e+06      -392538     -97898.2      11965.7       117244      -130125     -638.416     -14066.6       356608  1.42293e+06  1.76013e+06  2.22445e+06  2.63766e+06  3.09698e+06  2.20155e+06  2.42254e+06  2.55166e+06  3.87256e+06  1.61818e+06  1.28362e+06       716797       788239       942996  1.50376e+06  2.23623e+06  1.10803e+06  1.93778e+06  1.13086e+06  1.27652e+06  3.34197e+06  2.05386e+06  2.48351e+06  2.03689e+06  1.41053e+06       900920       778496  1.41476e+06    1.305e+06  1.37482e+06  1.32888e+06       746862   1.3357e+06  1.64751e+06       942360  1.07512e+06       884827       539484       486494  2.16586e+06  2.13139e+06  1.32464e+06       548054  1.10112e+06  1.12033e+06       791020  1.37816e+06       999437       575434       562078       479361       472496       584798       554075       396998       236374  2.24271e+06  2.27258e+06  1.74706e+06   1.6138e+06  1.43719e+06  1.69879e+06       560483  1.69045e+06       981863  2.06457e+06  1.62211e+06  1.53465e+06   2.0977e+06    3.515e+06      -810170  1.61057e+06       235911  3.08886e+06  3.29312e+06       532301      -145559  1.03748e+06  1.27674e+06  1.42026e+06  1.56467e+06  1.00775e+06  2.13698e+06       400475  1.57788e+06   1.2525e+06  1.34517e+06  1.48312e+06  1.12174e+06  1.58931e+06    1.724e+06       608510  1.20221e+06  1.39988e+06  1.23516e+06       852151       968586  1.20466e+06  1.93504e+06  1.71781e+06  1.31209e+06  1.36675e+06  1.21703e+06       718950  1.28228e+06       655539  1.01678e+06       983882  1.47183e+06  1.58126e+06  1.32452e+06       582646       939335       961005  1.22646e+06       417526       918455       851673       961181
      556538  1.23065e+06       399228       697682       274696 -1.79604e+06 -5.60861e+06 -4.20613e+06 -1.00791e+07 -2.63701e+07 -4.00259e+07 -9.46302e+08 -8.52828e+06 -2.16274e+06      -173321       117395      -145547     -57658.8      -168994      -217937      -195667       331082  1.37672e+06  2.42749e+06  1.74693e+06  2.54145e+06  3.17431e+06  2.24449e+06  2.25272e+06  2.70356e+06  2.88532e+06  1.67111e+06  1.30107e+06   1.1111e+06  1.76833e+06       119615  1.44255e+06  1.97538e+06  1.30547e+06  1.84973e+06   1.1595e+06  1.20255e+06   2.8002e+06   1.9937e+06  1.80873e+06  2.29683e+06  1.40361e+06  1.26522e+06       550961       632771  1.20808e+06  1.18044e+06  1.28066e+06       581755  1.38598e+06  1.48697e+06  1.15177e+06  1.11131e+06       929896       614717       472804   1.8633e+06   1.8374e+06  1.37119e+06       609968  1.18777e+06       848659       790276   1.4556e+06  1.13413e+06       597265       643438       613389       712438       782855       757983       494645       214099  1.65285e+06  1.88625e+06  1.76244e+06    1.841e+06  1.54685e+06  1.71192e+06  1.85511e+06  1.80476e+06   -1.916e+06      -308547  2.09805e+06  2.71337e+06   1.2904e+06       992179   1.9244e+06  1.36438e+06  1.80621e+06       885478  3.90889e+06  2.69167e+06       808484  2.70903e+06       766560  1.11599e+06  1.22812e+06  1.34234e+06  1.74986e+06 -2.58663e+06       962181  2.18386e+06  2.41774e+06      -269122  2.35297e+06  1.57348e+06  1.99075e+06  1.17757e+06  1.82159e+06  1.77404e+06      -706933       974036  1.36835e+06  1.13855e+06  1.93372e+06  1.59563e+06  1.31818e+06   1.5124e+06  1.14843e+06       686369  1.27337e+06       715495  1.08284e+06       779154  1.35793e+06  1.40165e+06  1.11476e+06       625628       824553       830566       735170       493449  1.03299e+06       939444       909577
      614502  1.09158e+06       413611       883782       186598 -1.03269e+06 -3.33347e+06 -3.52788e+06 -4.88088e+06 -3.56486e+07 -7.31004e+06 -8.52828e+06  -4.0738e+08  -1.5358e+06      -646945      -522168      -329491      -251089      -617436      -212472      13695.9       375079  1.42774e+06  1.82146e+06  1.40988e+06  2.02335e+06  1.71457e+06  2.08077e+06  1.86077e+06  2.09185e+06  3.05498e+06  1.70733e+06  1.30628e+06  1.13945e+06  1.40506e+06       740634  1.38762e+06  1.47727e+06  1.27212e+06  1.66693e+06  1.21086e+06  1.21273e+06  2.36509e+06  1.89083e+06  1.79976e+06  1.52081e+06  1.19683e+06       978195  1.12431e+06  1.47775e+06       946647  1.15342e+06  1.18294e+06       580036  1.15538e+06  1.74771e+06       895337  1.03133e+06       874318       524540       419744  1.65217e+06  1.85134e+06  1.25708e+06       565840    1.177e+06       955629       768410  1.21188e+06  1.05829e+06       660730       576075       563277       619819       672904       495837       517073       182409   2.1588e+06  2.12957e+06  1.74485e+06  1.47229e+06  1.95349e+06  1.26916e+06   1.7398e+06  1.72865e+06  1.37872e+06  1.82454e+06  2.16236e+06       986993  2.47756e+06  2.28758e+06  1.98066e+06  1.56012e+06  1.14183e+06  2.08056e+06  2.82929e+06  2.32204e+06       829114       988582  1.42968e+06  1.59899e+06       597367  1.46177e+06  1.37179e+06  1.84072e+06  1.59566e+06  1.51862e+06  1.45323e+06  1.39776e+06  1.40718e+06   1.5203e+06  1.28335e+06  1.27443e+06  1.27293e+06  1.25433e+06  2.34207e+06  1.32062e+06  1.68581e+06  1.00844e+06  1.57555e+06  1.53144e+06  1.08288e+06  1.27991e+06  1.06666e+06       644918  1.05954e+06       527526       728961       806166  1.34451e+06   1.3194e+06  1.19516e+06       513683       932281       669334       797718       652231  1.06112e+06       916909       704365
      368957       563810       259195       240646      -201260 -1.69808e+06 -9.42292e+06 -1.41055e+06 -2.93186e+06 -2.13701e+06 -1.02577e+06 -2.16274e+06  -1.5358e+06 -7.37815e+07      -744103 -1.39918e+06      -669433      -749400      -894860      -684071      -280129       212004       895121  1.37043e+06  1.30686e+06  1.77006e+06  1.96377e+06  1.57552e+06  1.58177e+06  1.78569e+06  1.92697e+06  1.53989e+06  1.06716e+06       934216  1.19909e+06  1.21835e+06  1.04057e+06  1.23025e+06   1.0419e+06  1.15782e+06  1.11726e+06       973998  1.62518e+06  1.45656e+06  1.52667e+06  1.43522e+06  1.15255e+06  1.07528e+06       747150  1.26541e+06       809403       933968  1.01397e+06       557349       938693  1.27299e+06       865279       724678       623919       409969       315763  1.29279e+06  1.38746e+06   1.0178e+06       439664       974937       770225       600547       940961       833034       486341       471597       429480       434408       505215       472981       334392       183556  1.81075e+06  1.69073e+06  1.46334e+06  1.59931e+06  1.26025e+06  1.16677e+06  1.29642e+06  1.28563e+06  1.16285e+06  1.03569e+06  1.36403e+06  1.14639e+06  1.47788e+06  1.02751e+06  1.02252e+06  1.27463e+06   1.3454e+06  1.20419e+06   1.4327e+06       901117  1.35399e+06  1.28746e+06  1.17723e+06  1.45862e+06  1.54141e+06       848484  1.51943e+06       981032  1.69236e+06  1.46309e+06  1.29362e+06  1.43789e+06  1.57934e+06   1.3763e+06  1.28129e+06  1.13632e+06       990412       982960  1.80361e+06  1.28672e+06  1.07434e+06       846969  1.37141e+06  1.25916e+06  1.03906e+06       926472       841867       538838       800323       485173       744538       649784       985729       884070  1.07575e+06       544037       751932       667013       599045       432319       846333       819898       651291
      378162      -659814      63208.4 -1.80753e+06 -6.07135e+06 -1.64298e+07 -4.05911e+06      -699955 -1.72718e+06      -655367      -392538      -173321      -646945      -744103 -1.56904e+08 -1.83687e+07 -3.38942e+06 -4.77563e+06 -1.31244e+07 -4.57694e+06 -1.93337e+06      -496342      -115423       584760       868789  1.32173e+06   1.5456e+06  1.54387e+06    1.684e+06  2.02988e+06  2.57885e+06  1.47016e+06  1.34456e+06  1.33689e+06  1.67053e+06  1.82465e+06  1.68507e+06  1.53891e+06  1.19641e+06  1.26701e+06  1.13819e+06  1.16848e+06  2.30015e+06  1.61602e+06  1.53663e+06   1.5296e+06  1.25437e+06  1.05417e+06  1.30288e+06  1.51727e+06  1.13447e+06   1.2694e+06  1.18315e+06       617673  1.06282e+06  1.28507e+06       975353       826337       707241       467018       351131  1.45042e+06  1.55234e+06  1.11921e+06       488723  1.01841e+06       863034       664208  1.05354e+06       945804       526438       490654       477260       546757       632033       581958       465314       227497  1.63559e+06  1.49949e+06  1.39827e+06  1.71346e+06  1.66395e+06   1.3948e+06  1.69768e+06  1.72378e+06  2.12518e+06  1.24835e+06  1.48526e+06  1.51992e+06       710716  2.20907e+06  1.25976e+06  1.89666e+06  1.47301e+06  1.71861e+06  1.68291e+06  1.61309e+06  1.97102e+06  1.63235e+06  1.58394e+06  1.67335e+06  1.57406e+06  1.41234e+06   1.6209e+06  1.04315e+06  2.03865e+06  2.02361e+06  1.80436e+06  1.42884e+06  1.94038e+06  1.65121e+06  1.26831e+06  1.44064e+06  1.35783e+06  1.21454e+06  1.56145e+06  1.39328e+06  1.44509e+06       870311  1.27255e+06  1.23184e+06  1.09508e+06   1.2999e+06       814844       624735       773248       520626       751140       544546       831493       815388       875096       466191       707433       732533   1.0328e+06       684183       875488       899196       680449
      332187      82848.5       158350      -678722 -1.73136e+06 -4.89933e+06 -2.53078e+06      -806327 -3.23802e+06      -470905     -97898.2       117395      -522168 -1.39918e+06 -1.83687e+07 -4.50786e+08 -1.65303e+07 -2.43468e+07 -2.12896e+07 -4.32729e+06 -2.53268e+06      -228576       552649       857446  1.35965e+06  1.73144e+06  2.10654e+06  1.59861e+06  1.64318e+06  2.10323e+06  2.22516e+06  1.63848e+06  1.45281e+06    1.073e+06  1.56776e+06  1.14482e+06  1.59038e+06  1.66929e+06  1.38989e+06   1.1968e+06   1.0158e+06  1.07136e+06  1.90625e+06  1.70184e+06  1.85897e+06  1.90949e+06  1.35161e+06  1.45488e+06  1.50242e+06  1.85361e+06  1.31408e+06  1.06094e+06  1.14923e+06       612751  1.21253e+06  1.47177e+06  1.05542e+06       894162       698402       464649       360855  1.45747e+06  1.46116e+06  1.21318e+06       454227  1.18776e+06       991543       731500  1.04809e+06  1.08169e+06       696202       563736       582607       607504       655015       691938       431815       235581  1.84952e+06  1.68159e+06  1.66264e+06  2.02746e+06  1.60471e+06  1.90018e+06  2.13274e+06   2.1838e+06  1.83586e+06  2.25578e+06  1.06537e+06       935233       798605  1.24881e+06       490095  2.49307e+06  1.27041e+06  1.13226e+06      55692.9  1.95891e+06  1.83563e+06  1.94216e+06  1.98288e+06  1.62757e+06  1.22914e+06  1.32659e+06  1.99357e+06  1.86682e+06  1.71779e+06  2.13635e+06  2.61493e+06  2.23994e+06  1.68588e+06  1.81842e+06   1.3996e+06  1.94735e+06   1.4837e+06  1.55107e+06  2.95966e+06  1.61811e+06  1.76351e+06  1.06069e+06  1.44073e+06   1.2176e+06  1.22371e+06  1.22798e+06       966432       651033       820263       491076       855243       694238       858555       982256       917151       437342       656773       732126  1.04815e+06       628046       974758  1.13731e+06       776426
      364247       516142       157717      72690.3      -555621 -1.67865e+06 -1.14377e+06      -291401      -722899      -383263      11965.7      -145547      -329491      -669433 -3.38942e+06 -1.65303e+07 -5.48944e+07 -1.48345e+06 -3.80747e+06 -1.69213e+06 -1.51285e+06      31812.7       802718  1.30515e+06  1.28788e+06  1.52859e+06  1.75864e+06  1.29699e+06  1.43631e+06  1.61662e+06  2.10213e+06  1.25787e+06  1.04111e+06       805043  1.26596e+06       918212       835656  1.19767e+06       975967    1.077e+06       977320       897164  1.68596e+06  1.29023e+06  1.40977e+06  1.22526e+06       943030       982420   1.1409e+06  1.21304e+06       992735       967618       960441       501687       916408  1.22119e+06       879523       734687       556879       379113       297035  1.18394e+06  1.21336e+06       962493       410878       836488       743215       560298       870928       783582       459273       437725       420282       475212       554241       487919       374701       182987  1.48868e+06  1.54352e+06  1.31581e+06  1.38918e+06  1.34139e+06  1.05727e+06  1.22285e+06  1.25826e+06  1.25143e+06  1.17554e+06  1.15719e+06  1.23721e+06  1.39336e+06  1.38858e+06  1.07334e+06  1.29839e+06  1.47167e+06  1.32824e+06  1.24362e+06  1.13265e+06  1.94294e+06  1.44844e+06  1.08532e+06  1.20381e+06  1.22565e+06  1.19134e+06  1.55429e+06  1.38841e+06  1.48895e+06    1.343e+06  1.58773e+06   1.6434e+06  1.38349e+06   1.1591e+06  1.08153e+06  1.22905e+06  1.07375e+06  1.09953e+06  1.41106e+06  1.10231e+06  1.08671e+06       769429  1.14145e+06  1.05456e+06       949221       953066       771423       501304       726466       434371       639573       589227       754825       700022       626914       406663       605538       524539       819989       545537       715224       766584       636824
      338570       217429       172202      -244595      -999061  -2.3666e+06 -1.49826e+06      -327384      -885553      -441916       117244     -57658.8      -251089      -749400 -4.77563e+06 -2.43468e+07 -1.48345e+06 -7.07287e+07  -4.6183e+06  -2.0278e+06 -1.64115e+06       -39648       562877  1.03078e+06  1.17821e+06  1.49595e+06  1.62267e+06  1.25983e+06  1.30456e+06  1.56814e+06  1.86001e+06  1.36144e+06   1.0857e+06       925164  1.20138e+06       742481  1.18885e+06  1.13691e+06       956381  1.14324e+06       924818       979164  1.56386e+06  1.29976e+06  1.37014e+06  1.28514e+06  1.02253e+06  1.10029e+06   1.2821e+06  1.19174e+06  1.03924e+06       979769       928857       519447       920042   1.2094e+06       914143       685525       574980       393084       280659  1.21474e+06   1.3816e+06       977455       423354       935269       826537       609611       950656       803985       498928       459551       476219       502925       583784       517209       404535       188869  1.43743e+06  1.68277e+06  1.28928e+06  1.38004e+06  1.23727e+06   1.6981e+06  1.32112e+06  1.40318e+06  1.26096e+06  1.41225e+06  1.31313e+06  1.51145e+06  1.70701e+06  1.51661e+06   1.2123e+06  1.47604e+06  1.39324e+06   1.3623e+06       748135  1.23908e+06   1.5342e+06  1.73117e+06  1.38854e+06  1.36716e+06  1.64723e+06  1.16511e+06  1.69371e+06  1.20228e+06  1.65844e+06   1.6567e+06  1.91432e+06  1.93756e+06  1.43806e+06  1.37435e+06  1.17017e+06  1.29467e+06  1.22578e+06  1.32533e+06  1.53659e+06   1.1465e+06  1.25008e+06       803948  1.17677e+06  1.05733e+06       981557       831151       754102       522893       677916       487614       620832       639040       725407       729007       740939       433731       609778       658090       863956       534698       738497       915384       681372
