{
 "cells": [
  {
   "cell_type": "code",
   "execution_count": 1,
   "id": "initial_id",
   "metadata": {
    "collapsed": true,
    "ExecuteTime": {
     "end_time": "2024-02-20T03:35:04.469326640Z",
     "start_time": "2024-02-20T03:35:04.347433201Z"
    }
   },
   "outputs": [],
   "source": [
    "import numpy as np"
   ]
  },
  {
   "cell_type": "code",
   "outputs": [],
   "source": [
    "def rmse(arr1, arr2):\n",
    "    arr_1 = np.array(arr1)\n",
    "    arr_2 = np.array(arr2)\n",
    "    err = arr_1 - arr_2\n",
    "    err_sqr = np.power(err, 2)\n",
    "    err_sqr_mean = np.sum(err_sqr) / np.shape(err_sqr)[0]\n",
    "    return np.sqrt(err_sqr_mean)"
   ],
   "metadata": {
    "collapsed": false,
    "ExecuteTime": {
     "end_time": "2024-02-20T03:35:04.592413585Z",
     "start_time": "2024-02-20T03:35:04.545118509Z"
    }
   },
   "id": "7de522a09e55720c",
   "execution_count": 2
  },
  {
   "cell_type": "code",
   "outputs": [],
   "source": [
    "def read_files(file_path):\n",
    "    Hessian = []\n",
    "    branches = []\n",
    "    gradients = []\n",
    "    Hessian_diagonal = []\n",
    "    Hessian_off_diagonal = []\n",
    "    Hessian_all = []\n",
    "    counter = 0\n",
    "    with open(file_path, \"r\") as f:\n",
    "        for line in f:\n",
    "            if line.strip():\n",
    "                counter+=1\n",
    "                if counter == 3:\n",
    "                    branches = [float(i) for i in line.strip().split()]\n",
    "                if counter == 4:\n",
    "                    gradients = [float(i) for i in line.strip().split()]\n",
    "                if counter > 5:\n",
    "                    Hessian.append([float(i) for i in line.strip().split()]) \n",
    "                print(line)\n",
    "                print(\"##############################\\n\")\n",
    "    for i,j in enumerate(Hessian):\n",
    "        for l,m in enumerate(j):\n",
    "            if i==l:\n",
    "                Hessian_diagonal.append(m)\n",
    "            else:\n",
    "                Hessian_off_diagonal.append(m)\n",
    "            Hessian_all.append(m)\n",
    "    data = {\"branches\": branches, \"gradients\": gradients, \"Hessian_diagonal\":Hessian_diagonal, \"Hessian_off_diagonal\":Hessian_off_diagonal, \"Hessian_all\":Hessian_all}\n",
    "    return data\n",
    "        "
   ],
   "metadata": {
    "collapsed": false,
    "ExecuteTime": {
     "end_time": "2024-02-20T03:35:05.413451994Z",
     "start_time": "2024-02-20T03:35:05.411050901Z"
    }
   },
   "id": "5a1fe49b2097de50",
   "execution_count": 3
  },
  {
   "cell_type": "code",
   "outputs": [],
   "source": [
    "iqtree_file = \"/home/piyumal/PHD/TimeTree/Protein_models/simulated_data/single_partition/output_v1.out.BV\"\n",
    "mcmc_file = \"/home/piyumal/PHD/TimeTree/Protein_models/simulated_data/mcmctree_runs/single_partition/rst2\""
   ],
   "metadata": {
    "collapsed": false,
    "ExecuteTime": {
     "end_time": "2024-02-20T03:35:05.989973724Z",
     "start_time": "2024-02-20T03:35:05.985242785Z"
    }
   },
   "id": "d5ffce00e87f2d70",
   "execution_count": 4
  },
  {
   "cell_type": "code",
   "outputs": [
    {
     "name": "stdout",
     "output_type": "stream",
     "text": [
      "10\n",
      "\n",
      "##############################\n",
      "\n",
      "((T4:0.2777963941,T3:0.0885868485):0.1057860034,((T2:0.1254205084,T1:0.2171025291):0.01501976136,(T10:0.2536031902,T9:0.0635512038):0.3250041052):0.03625011597,(T8:0.2699087436,(T7:0.2447521294,(T6:0.2365104754,T5:0.2733158417):0.1439397853):0.2587706753):0.05407619569);\n",
      "\n",
      "##############################\n",
      "\n",
      " 0.105786  0.277796 0.0885868 0.0362501 0.0150198  0.125421  0.217103  0.325004  0.253603 0.0635512 0.0540762  0.269909  0.258771  0.244752   0.14394   0.23651  0.273316\n",
      "\n",
      "##############################\n",
      "\n",
      "    0.161836  -0.00167494   -0.0203049     0.126514    -0.105647 -0.000930497   -0.0363251    0.0423006    0.0556355  3.76041e-05     0.110846     0.126824    0.0947554    -0.395147    -0.594388    -0.915778    -0.369966\n",
      "\n",
      "##############################\n",
      "\n",
      "Hessian \n",
      "\n",
      "##############################\n",
      "\n",
      "-65109.5  57.4161 -9375.65 -9042.73 -3742.02  174.184 -564.277 -92.0324  -216.67 -195.697 -1854.08  29.4221  65.4991  689.609  694.145  515.547  60.9939\n",
      "\n",
      "##############################\n",
      "\n",
      " 57.4161 -27046.9  -1942.6 -552.488 -24.8805 -442.917  197.306 -75.1428  20.6476 -401.829 -232.988  124.643 -68.3153 -563.816 -285.839  388.054 -340.162\n",
      "\n",
      "##############################\n",
      "\n",
      "-9375.65  -1942.6 -81575.3 -1731.86 -3866.98  103.674 -121.398 -158.927 -323.581 -170.178 -861.909  152.804  -275.55 -192.422  929.415  298.913  238.482\n",
      "\n",
      "##############################\n",
      "\n",
      "-9042.73 -552.488 -1731.86  -157531 -40265.8 -3739.07 -1700.81 -1042.31 -119.142 -450.512 -9163.31 -2040.09  -1358.7 -364.889  763.352 -221.958 -3.17562\n",
      "\n",
      "##############################\n",
      "\n",
      "-3742.02 -24.8805 -3866.98 -40265.8  -271805 -16135.4 -6407.93 -2381.15  80.1633  504.745  -2411.4  423.456 -831.536 -638.854 -2064.32 -488.057 -828.498\n",
      "\n",
      "##############################\n",
      "\n",
      " 174.184 -442.917  103.674 -3739.07 -16135.4 -64204.4 -575.074 -17.2588   565.94 -949.191 -2223.26 -759.991  104.855   162.24 -463.475  3.96143 -726.532\n",
      "\n",
      "##############################\n",
      "\n",
      "-564.277  197.306 -121.398 -1700.81 -6407.93 -575.074 -36453.7 -592.846 -195.702 -790.887 -137.124 -264.759  329.724  73.9729 -327.929  112.746 -365.674\n",
      "\n",
      "##############################\n",
      "\n",
      "-92.0324 -75.1428 -158.927 -1042.31 -2381.15 -17.2588 -592.846 -21240.4  318.883 -5567.27 -296.651 -27.4403 -17.9768   337.51  104.939 -135.169 -122.485\n",
      "\n",
      "##############################\n",
      "\n",
      " -216.67  20.6476 -323.581 -119.142  80.1633   565.94 -195.702  318.883 -29010.5 -8871.61  998.424  203.925  340.286   46.521  536.912 -61.6745  199.144\n",
      "\n",
      "##############################\n",
      "\n",
      "-195.697 -401.829 -170.178 -450.512  504.745 -949.191 -790.887 -5567.27 -8871.61 -87052.8  1482.98   49.718 -596.842 -187.626   378.03 -410.773   343.47\n",
      "\n",
      "##############################\n",
      "\n",
      "-1854.08 -232.988 -861.909 -9163.31  -2411.4 -2223.26 -137.124 -296.651  998.424  1482.98 -85644.9 -8795.63 -6206.38 -759.927  -421.91  38.3731  154.583\n",
      "\n",
      "##############################\n",
      "\n",
      " 29.4221  124.643  152.804 -2040.09  423.456 -759.991 -264.759 -27.4403  203.925   49.718 -8795.63 -26269.7 -237.528 -348.128   965.56 -319.069 -119.664\n",
      "\n",
      "##############################\n",
      "\n",
      " 65.4991 -68.3153  -275.55  -1358.7 -831.536  104.855  329.724 -17.9768  340.286 -596.842 -6206.38 -237.528 -22780.6 -1906.74 -1778.12 -425.279 -376.686\n",
      "\n",
      "##############################\n",
      "\n",
      " 689.609 -563.816 -192.422 -364.889 -638.854   162.24  73.9729   337.51   46.521 -187.626 -759.927 -348.128 -1906.74 -26101.1 -3252.07 -385.412 -363.023\n",
      "\n",
      "##############################\n",
      "\n",
      " 694.145 -285.839  929.415  763.352 -2064.32 -463.475 -327.929  104.939  536.912   378.03  -421.91   965.56 -1778.12 -3252.07 -34499.5 -2884.61 -2029.49\n",
      "\n",
      "##############################\n",
      "\n",
      " 515.547  388.054  298.913 -221.958 -488.057  3.96143  112.746 -135.169 -61.6745 -410.773  38.3731 -319.069 -425.279 -385.412 -2884.61 -27256.6 -2228.56\n",
      "\n",
      "##############################\n",
      "\n",
      " 60.9939 -340.162  238.482 -3.17562 -828.498 -726.532 -365.674 -122.485  199.144   343.47  154.583 -119.664 -376.686 -363.023 -2029.49 -2228.56 -23811.5\n",
      "\n",
      "##############################\n"
     ]
    }
   ],
   "source": [
    "data1 = read_files(iqtree_file)"
   ],
   "metadata": {
    "collapsed": false,
    "ExecuteTime": {
     "end_time": "2024-02-20T03:35:06.275127690Z",
     "start_time": "2024-02-20T03:35:06.272396220Z"
    }
   },
   "id": "fc9399c236e50564",
   "execution_count": 5
  },
  {
   "cell_type": "code",
   "outputs": [
    {
     "data": {
      "text/plain": "{'branches': [0.105786,\n  0.277796,\n  0.0885868,\n  0.0362501,\n  0.0150198,\n  0.125421,\n  0.217103,\n  0.325004,\n  0.253603,\n  0.0635512,\n  0.0540762,\n  0.269909,\n  0.258771,\n  0.244752,\n  0.14394,\n  0.23651,\n  0.273316],\n 'gradients': [0.161836,\n  -0.00167494,\n  -0.0203049,\n  0.126514,\n  -0.105647,\n  -0.000930497,\n  -0.0363251,\n  0.0423006,\n  0.0556355,\n  3.76041e-05,\n  0.110846,\n  0.126824,\n  0.0947554,\n  -0.395147,\n  -0.594388,\n  -0.915778,\n  -0.369966],\n 'Hessian_diagonal': [-65109.5,\n  -27046.9,\n  -81575.3,\n  -157531.0,\n  -271805.0,\n  -64204.4,\n  -36453.7,\n  -21240.4,\n  -29010.5,\n  -87052.8,\n  -85644.9,\n  -26269.7,\n  -22780.6,\n  -26101.1,\n  -34499.5,\n  -27256.6,\n  -23811.5],\n 'Hessian_off_diagonal': [57.4161,\n  -9375.65,\n  -9042.73,\n  -3742.02,\n  174.184,\n  -564.277,\n  -92.0324,\n  -216.67,\n  -195.697,\n  -1854.08,\n  29.4221,\n  65.4991,\n  689.609,\n  694.145,\n  515.547,\n  60.9939,\n  57.4161,\n  -1942.6,\n  -552.488,\n  -24.8805,\n  -442.917,\n  197.306,\n  -75.1428,\n  20.6476,\n  -401.829,\n  -232.988,\n  124.643,\n  -68.3153,\n  -563.816,\n  -285.839,\n  388.054,\n  -340.162,\n  -9375.65,\n  -1942.6,\n  -1731.86,\n  -3866.98,\n  103.674,\n  -121.398,\n  -158.927,\n  -323.581,\n  -170.178,\n  -861.909,\n  152.804,\n  -275.55,\n  -192.422,\n  929.415,\n  298.913,\n  238.482,\n  -9042.73,\n  -552.488,\n  -1731.86,\n  -40265.8,\n  -3739.07,\n  -1700.81,\n  -1042.31,\n  -119.142,\n  -450.512,\n  -9163.31,\n  -2040.09,\n  -1358.7,\n  -364.889,\n  763.352,\n  -221.958,\n  -3.17562,\n  -3742.02,\n  -24.8805,\n  -3866.98,\n  -40265.8,\n  -16135.4,\n  -6407.93,\n  -2381.15,\n  80.1633,\n  504.745,\n  -2411.4,\n  423.456,\n  -831.536,\n  -638.854,\n  -2064.32,\n  -488.057,\n  -828.498,\n  174.184,\n  -442.917,\n  103.674,\n  -3739.07,\n  -16135.4,\n  -575.074,\n  -17.2588,\n  565.94,\n  -949.191,\n  -2223.26,\n  -759.991,\n  104.855,\n  162.24,\n  -463.475,\n  3.96143,\n  -726.532,\n  -564.277,\n  197.306,\n  -121.398,\n  -1700.81,\n  -6407.93,\n  -575.074,\n  -592.846,\n  -195.702,\n  -790.887,\n  -137.124,\n  -264.759,\n  329.724,\n  73.9729,\n  -327.929,\n  112.746,\n  -365.674,\n  -92.0324,\n  -75.1428,\n  -158.927,\n  -1042.31,\n  -2381.15,\n  -17.2588,\n  -592.846,\n  318.883,\n  -5567.27,\n  -296.651,\n  -27.4403,\n  -17.9768,\n  337.51,\n  104.939,\n  -135.169,\n  -122.485,\n  -216.67,\n  20.6476,\n  -323.581,\n  -119.142,\n  80.1633,\n  565.94,\n  -195.702,\n  318.883,\n  -8871.61,\n  998.424,\n  203.925,\n  340.286,\n  46.521,\n  536.912,\n  -61.6745,\n  199.144,\n  -195.697,\n  -401.829,\n  -170.178,\n  -450.512,\n  504.745,\n  -949.191,\n  -790.887,\n  -5567.27,\n  -8871.61,\n  1482.98,\n  49.718,\n  -596.842,\n  -187.626,\n  378.03,\n  -410.773,\n  343.47,\n  -1854.08,\n  -232.988,\n  -861.909,\n  -9163.31,\n  -2411.4,\n  -2223.26,\n  -137.124,\n  -296.651,\n  998.424,\n  1482.98,\n  -8795.63,\n  -6206.38,\n  -759.927,\n  -421.91,\n  38.3731,\n  154.583,\n  29.4221,\n  124.643,\n  152.804,\n  -2040.09,\n  423.456,\n  -759.991,\n  -264.759,\n  -27.4403,\n  203.925,\n  49.718,\n  -8795.63,\n  -237.528,\n  -348.128,\n  965.56,\n  -319.069,\n  -119.664,\n  65.4991,\n  -68.3153,\n  -275.55,\n  -1358.7,\n  -831.536,\n  104.855,\n  329.724,\n  -17.9768,\n  340.286,\n  -596.842,\n  -6206.38,\n  -237.528,\n  -1906.74,\n  -1778.12,\n  -425.279,\n  -376.686,\n  689.609,\n  -563.816,\n  -192.422,\n  -364.889,\n  -638.854,\n  162.24,\n  73.9729,\n  337.51,\n  46.521,\n  -187.626,\n  -759.927,\n  -348.128,\n  -1906.74,\n  -3252.07,\n  -385.412,\n  -363.023,\n  694.145,\n  -285.839,\n  929.415,\n  763.352,\n  -2064.32,\n  -463.475,\n  -327.929,\n  104.939,\n  536.912,\n  378.03,\n  -421.91,\n  965.56,\n  -1778.12,\n  -3252.07,\n  -2884.61,\n  -2029.49,\n  515.547,\n  388.054,\n  298.913,\n  -221.958,\n  -488.057,\n  3.96143,\n  112.746,\n  -135.169,\n  -61.6745,\n  -410.773,\n  38.3731,\n  -319.069,\n  -425.279,\n  -385.412,\n  -2884.61,\n  -2228.56,\n  60.9939,\n  -340.162,\n  238.482,\n  -3.17562,\n  -828.498,\n  -726.532,\n  -365.674,\n  -122.485,\n  199.144,\n  343.47,\n  154.583,\n  -119.664,\n  -376.686,\n  -363.023,\n  -2029.49,\n  -2228.56],\n 'Hessian_all': [-65109.5,\n  57.4161,\n  -9375.65,\n  -9042.73,\n  -3742.02,\n  174.184,\n  -564.277,\n  -92.0324,\n  -216.67,\n  -195.697,\n  -1854.08,\n  29.4221,\n  65.4991,\n  689.609,\n  694.145,\n  515.547,\n  60.9939,\n  57.4161,\n  -27046.9,\n  -1942.6,\n  -552.488,\n  -24.8805,\n  -442.917,\n  197.306,\n  -75.1428,\n  20.6476,\n  -401.829,\n  -232.988,\n  124.643,\n  -68.3153,\n  -563.816,\n  -285.839,\n  388.054,\n  -340.162,\n  -9375.65,\n  -1942.6,\n  -81575.3,\n  -1731.86,\n  -3866.98,\n  103.674,\n  -121.398,\n  -158.927,\n  -323.581,\n  -170.178,\n  -861.909,\n  152.804,\n  -275.55,\n  -192.422,\n  929.415,\n  298.913,\n  238.482,\n  -9042.73,\n  -552.488,\n  -1731.86,\n  -157531.0,\n  -40265.8,\n  -3739.07,\n  -1700.81,\n  -1042.31,\n  -119.142,\n  -450.512,\n  -9163.31,\n  -2040.09,\n  -1358.7,\n  -364.889,\n  763.352,\n  -221.958,\n  -3.17562,\n  -3742.02,\n  -24.8805,\n  -3866.98,\n  -40265.8,\n  -271805.0,\n  -16135.4,\n  -6407.93,\n  -2381.15,\n  80.1633,\n  504.745,\n  -2411.4,\n  423.456,\n  -831.536,\n  -638.854,\n  -2064.32,\n  -488.057,\n  -828.498,\n  174.184,\n  -442.917,\n  103.674,\n  -3739.07,\n  -16135.4,\n  -64204.4,\n  -575.074,\n  -17.2588,\n  565.94,\n  -949.191,\n  -2223.26,\n  -759.991,\n  104.855,\n  162.24,\n  -463.475,\n  3.96143,\n  -726.532,\n  -564.277,\n  197.306,\n  -121.398,\n  -1700.81,\n  -6407.93,\n  -575.074,\n  -36453.7,\n  -592.846,\n  -195.702,\n  -790.887,\n  -137.124,\n  -264.759,\n  329.724,\n  73.9729,\n  -327.929,\n  112.746,\n  -365.674,\n  -92.0324,\n  -75.1428,\n  -158.927,\n  -1042.31,\n  -2381.15,\n  -17.2588,\n  -592.846,\n  -21240.4,\n  318.883,\n  -5567.27,\n  -296.651,\n  -27.4403,\n  -17.9768,\n  337.51,\n  104.939,\n  -135.169,\n  -122.485,\n  -216.67,\n  20.6476,\n  -323.581,\n  -119.142,\n  80.1633,\n  565.94,\n  -195.702,\n  318.883,\n  -29010.5,\n  -8871.61,\n  998.424,\n  203.925,\n  340.286,\n  46.521,\n  536.912,\n  -61.6745,\n  199.144,\n  -195.697,\n  -401.829,\n  -170.178,\n  -450.512,\n  504.745,\n  -949.191,\n  -790.887,\n  -5567.27,\n  -8871.61,\n  -87052.8,\n  1482.98,\n  49.718,\n  -596.842,\n  -187.626,\n  378.03,\n  -410.773,\n  343.47,\n  -1854.08,\n  -232.988,\n  -861.909,\n  -9163.31,\n  -2411.4,\n  -2223.26,\n  -137.124,\n  -296.651,\n  998.424,\n  1482.98,\n  -85644.9,\n  -8795.63,\n  -6206.38,\n  -759.927,\n  -421.91,\n  38.3731,\n  154.583,\n  29.4221,\n  124.643,\n  152.804,\n  -2040.09,\n  423.456,\n  -759.991,\n  -264.759,\n  -27.4403,\n  203.925,\n  49.718,\n  -8795.63,\n  -26269.7,\n  -237.528,\n  -348.128,\n  965.56,\n  -319.069,\n  -119.664,\n  65.4991,\n  -68.3153,\n  -275.55,\n  -1358.7,\n  -831.536,\n  104.855,\n  329.724,\n  -17.9768,\n  340.286,\n  -596.842,\n  -6206.38,\n  -237.528,\n  -22780.6,\n  -1906.74,\n  -1778.12,\n  -425.279,\n  -376.686,\n  689.609,\n  -563.816,\n  -192.422,\n  -364.889,\n  -638.854,\n  162.24,\n  73.9729,\n  337.51,\n  46.521,\n  -187.626,\n  -759.927,\n  -348.128,\n  -1906.74,\n  -26101.1,\n  -3252.07,\n  -385.412,\n  -363.023,\n  694.145,\n  -285.839,\n  929.415,\n  763.352,\n  -2064.32,\n  -463.475,\n  -327.929,\n  104.939,\n  536.912,\n  378.03,\n  -421.91,\n  965.56,\n  -1778.12,\n  -3252.07,\n  -34499.5,\n  -2884.61,\n  -2029.49,\n  515.547,\n  388.054,\n  298.913,\n  -221.958,\n  -488.057,\n  3.96143,\n  112.746,\n  -135.169,\n  -61.6745,\n  -410.773,\n  38.3731,\n  -319.069,\n  -425.279,\n  -385.412,\n  -2884.61,\n  -27256.6,\n  -2228.56,\n  60.9939,\n  -340.162,\n  238.482,\n  -3.17562,\n  -828.498,\n  -726.532,\n  -365.674,\n  -122.485,\n  199.144,\n  343.47,\n  154.583,\n  -119.664,\n  -376.686,\n  -363.023,\n  -2029.49,\n  -2228.56,\n  -23811.5]}"
     },
     "execution_count": 6,
     "metadata": {},
     "output_type": "execute_result"
    }
   ],
   "source": [
    "data1"
   ],
   "metadata": {
    "collapsed": false,
    "ExecuteTime": {
     "end_time": "2024-02-20T03:35:06.506241101Z",
     "start_time": "2024-02-20T03:35:06.502763926Z"
    }
   },
   "id": "2eaa4e1e96f37557",
   "execution_count": 6
  },
  {
   "cell_type": "code",
   "outputs": [
    {
     "name": "stdout",
     "output_type": "stream",
     "text": [
      " 10\n",
      "\n",
      "##############################\n",
      "\n",
      "((T4: 0.277796, T3: 0.088586): 0.105788, ((T2: 0.125421, T1: 0.217102): 0.015019, (T10: 0.253605, T9: 0.063551): 0.325006): 0.036251, (T8: 0.269913, (T7: 0.244739, (T6: 0.236479, T5: 0.273305): 0.143927): 0.258777): 0.054077);\n",
      "\n",
      "##############################\n",
      "\n",
      "  0.105788  0.277796  0.088586  0.036251  0.015019  0.125421  0.217102  0.325006  0.253605  0.063551  0.054077  0.269913  0.258777  0.244739  0.143927  0.236479  0.273305\n",
      "\n",
      "##############################\n",
      "\n",
      "  0.000000  0.000000  0.000000  0.000000  0.000000  0.000000  0.000000  0.000000  0.000000  0.000000 -0.008490  0.000000  0.000000  0.000000 -0.006488  0.000000  0.000000\n",
      "\n",
      "##############################\n",
      "\n",
      "Hessian\n",
      "\n",
      "##############################\n",
      "\n",
      " -6.494e+04       57.4      -9376      -9043      -3742      174.2     -564.3     -92.04     -216.7     -195.7      -1854       29.4      65.49      689.6      694.2      515.6         61\n",
      "\n",
      "##############################\n",
      "\n",
      "       57.4 -2.707e+04      -1943     -552.5     -24.89     -442.9      197.3     -75.14      20.65     -401.8       -233      124.6     -68.32     -563.8     -285.9      388.1     -340.2\n",
      "\n",
      "##############################\n",
      "\n",
      "      -9376      -1943 -8.149e+04      -1732      -3867      103.7     -121.4     -158.9     -323.6     -170.2     -861.9      152.8     -275.5     -192.4      929.5      298.9      238.5\n",
      "\n",
      "##############################\n",
      "\n",
      "      -9043     -552.5      -1732 -1.571e+05 -4.027e+04      -3739      -1701      -1042     -119.1     -450.5      -9163      -2040      -1359     -364.9      763.4       -222     -3.175\n",
      "\n",
      "##############################\n",
      "\n",
      "      -3742     -24.89      -3867 -4.027e+04 -2.704e+05 -1.614e+04      -6408      -2381      80.19      504.8      -2411      423.5     -831.5     -638.9      -2065     -488.1     -828.6\n",
      "\n",
      "##############################\n",
      "\n",
      "      174.2     -442.9      103.7      -3739 -1.614e+04 -6.467e+04     -575.1     -17.26      565.9     -949.2      -2223       -760      104.9      162.2     -463.5      3.978     -726.6\n",
      "\n",
      "##############################\n",
      "\n",
      "     -564.3      197.3     -121.4      -1701      -6408     -575.1 -3.654e+04     -592.8     -195.7     -790.9     -137.1     -264.8      329.7      73.97       -328      112.8     -365.7\n",
      "\n",
      "##############################\n",
      "\n",
      "     -92.04     -75.14     -158.9      -1042      -2381     -17.26     -592.8 -2.122e+04      318.9      -5567     -296.6     -27.44     -17.98      337.5      104.9     -135.2     -122.5\n",
      "\n",
      "##############################\n",
      "\n",
      "     -216.7      20.65     -323.6     -119.1      80.19      565.9     -195.7      318.9 -2.876e+04      -8872      998.4      203.9      340.3      46.52      536.9     -61.69      199.1\n",
      "\n",
      "##############################\n",
      "\n",
      "     -195.7     -401.8     -170.2     -450.5      504.8     -949.2     -790.9      -5567      -8872 -8.676e+04       1483      49.71     -596.8     -187.6      378.1     -410.8      343.5\n",
      "\n",
      "##############################\n",
      "\n",
      "      -1854       -233     -861.9      -9163      -2411      -2223     -137.1     -296.6      998.4       1483 -8.553e+04      -8795      -6206     -759.9     -421.9      38.41      154.6\n",
      "\n",
      "##############################\n",
      "\n",
      "       29.4      124.6      152.8      -2040      423.5       -760     -264.8     -27.44      203.9      49.71      -8795 -2.642e+04     -237.5     -348.1      965.6     -319.1     -119.7\n",
      "\n",
      "##############################\n",
      "\n",
      "      65.49     -68.32     -275.5      -1359     -831.5      104.9      329.7     -17.98      340.3     -596.8      -6206     -237.5   -2.3e+04      -1907      -1778     -425.3     -376.7\n",
      "\n",
      "##############################\n",
      "\n",
      "      689.6     -563.8     -192.4     -364.9     -638.9      162.2      73.97      337.5      46.52     -187.6     -759.9     -348.1      -1907 -2.611e+04      -3252     -385.3       -363\n",
      "\n",
      "##############################\n",
      "\n",
      "      694.2     -285.9      929.5      763.4      -2065     -463.5       -328      104.9      536.9      378.1     -421.9      965.6      -1778      -3252 -3.434e+04      -2885      -2030\n",
      "\n",
      "##############################\n",
      "\n",
      "      515.6      388.1      298.9       -222     -488.1      3.978      112.8     -135.2     -61.69     -410.8      38.41     -319.1     -425.3     -385.3      -2885 -2.712e+04      -2229\n",
      "\n",
      "##############################\n",
      "\n",
      "         61     -340.2      238.5     -3.175     -828.6     -726.6     -365.7     -122.5      199.1      343.5      154.6     -119.7     -376.7       -363      -2030      -2229 -2.366e+04\n",
      "\n",
      "##############################\n"
     ]
    }
   ],
   "source": [
    "data2 = read_files(mcmc_file)"
   ],
   "metadata": {
    "collapsed": false,
    "ExecuteTime": {
     "end_time": "2024-02-20T03:35:07.000255114Z",
     "start_time": "2024-02-20T03:35:06.996752269Z"
    }
   },
   "id": "76e0f3c681a14b39",
   "execution_count": 7
  },
  {
   "cell_type": "code",
   "outputs": [
    {
     "data": {
      "text/plain": "{'branches': [0.105788,\n  0.277796,\n  0.088586,\n  0.036251,\n  0.015019,\n  0.125421,\n  0.217102,\n  0.325006,\n  0.253605,\n  0.063551,\n  0.054077,\n  0.269913,\n  0.258777,\n  0.244739,\n  0.143927,\n  0.236479,\n  0.273305],\n 'gradients': [0.0,\n  0.0,\n  0.0,\n  0.0,\n  0.0,\n  0.0,\n  0.0,\n  0.0,\n  0.0,\n  0.0,\n  -0.00849,\n  0.0,\n  0.0,\n  0.0,\n  -0.006488,\n  0.0,\n  0.0],\n 'Hessian_diagonal': [-64940.0,\n  -27070.0,\n  -81490.0,\n  -157100.0,\n  -270400.0,\n  -64670.0,\n  -36540.0,\n  -21220.0,\n  -28760.0,\n  -86760.0,\n  -85530.0,\n  -26420.0,\n  -23000.0,\n  -26110.0,\n  -34340.0,\n  -27120.0,\n  -23660.0],\n 'Hessian_off_diagonal': [57.4,\n  -9376.0,\n  -9043.0,\n  -3742.0,\n  174.2,\n  -564.3,\n  -92.04,\n  -216.7,\n  -195.7,\n  -1854.0,\n  29.4,\n  65.49,\n  689.6,\n  694.2,\n  515.6,\n  61.0,\n  57.4,\n  -1943.0,\n  -552.5,\n  -24.89,\n  -442.9,\n  197.3,\n  -75.14,\n  20.65,\n  -401.8,\n  -233.0,\n  124.6,\n  -68.32,\n  -563.8,\n  -285.9,\n  388.1,\n  -340.2,\n  -9376.0,\n  -1943.0,\n  -1732.0,\n  -3867.0,\n  103.7,\n  -121.4,\n  -158.9,\n  -323.6,\n  -170.2,\n  -861.9,\n  152.8,\n  -275.5,\n  -192.4,\n  929.5,\n  298.9,\n  238.5,\n  -9043.0,\n  -552.5,\n  -1732.0,\n  -40270.0,\n  -3739.0,\n  -1701.0,\n  -1042.0,\n  -119.1,\n  -450.5,\n  -9163.0,\n  -2040.0,\n  -1359.0,\n  -364.9,\n  763.4,\n  -222.0,\n  -3.175,\n  -3742.0,\n  -24.89,\n  -3867.0,\n  -40270.0,\n  -16140.0,\n  -6408.0,\n  -2381.0,\n  80.19,\n  504.8,\n  -2411.0,\n  423.5,\n  -831.5,\n  -638.9,\n  -2065.0,\n  -488.1,\n  -828.6,\n  174.2,\n  -442.9,\n  103.7,\n  -3739.0,\n  -16140.0,\n  -575.1,\n  -17.26,\n  565.9,\n  -949.2,\n  -2223.0,\n  -760.0,\n  104.9,\n  162.2,\n  -463.5,\n  3.978,\n  -726.6,\n  -564.3,\n  197.3,\n  -121.4,\n  -1701.0,\n  -6408.0,\n  -575.1,\n  -592.8,\n  -195.7,\n  -790.9,\n  -137.1,\n  -264.8,\n  329.7,\n  73.97,\n  -328.0,\n  112.8,\n  -365.7,\n  -92.04,\n  -75.14,\n  -158.9,\n  -1042.0,\n  -2381.0,\n  -17.26,\n  -592.8,\n  318.9,\n  -5567.0,\n  -296.6,\n  -27.44,\n  -17.98,\n  337.5,\n  104.9,\n  -135.2,\n  -122.5,\n  -216.7,\n  20.65,\n  -323.6,\n  -119.1,\n  80.19,\n  565.9,\n  -195.7,\n  318.9,\n  -8872.0,\n  998.4,\n  203.9,\n  340.3,\n  46.52,\n  536.9,\n  -61.69,\n  199.1,\n  -195.7,\n  -401.8,\n  -170.2,\n  -450.5,\n  504.8,\n  -949.2,\n  -790.9,\n  -5567.0,\n  -8872.0,\n  1483.0,\n  49.71,\n  -596.8,\n  -187.6,\n  378.1,\n  -410.8,\n  343.5,\n  -1854.0,\n  -233.0,\n  -861.9,\n  -9163.0,\n  -2411.0,\n  -2223.0,\n  -137.1,\n  -296.6,\n  998.4,\n  1483.0,\n  -8795.0,\n  -6206.0,\n  -759.9,\n  -421.9,\n  38.41,\n  154.6,\n  29.4,\n  124.6,\n  152.8,\n  -2040.0,\n  423.5,\n  -760.0,\n  -264.8,\n  -27.44,\n  203.9,\n  49.71,\n  -8795.0,\n  -237.5,\n  -348.1,\n  965.6,\n  -319.1,\n  -119.7,\n  65.49,\n  -68.32,\n  -275.5,\n  -1359.0,\n  -831.5,\n  104.9,\n  329.7,\n  -17.98,\n  340.3,\n  -596.8,\n  -6206.0,\n  -237.5,\n  -1907.0,\n  -1778.0,\n  -425.3,\n  -376.7,\n  689.6,\n  -563.8,\n  -192.4,\n  -364.9,\n  -638.9,\n  162.2,\n  73.97,\n  337.5,\n  46.52,\n  -187.6,\n  -759.9,\n  -348.1,\n  -1907.0,\n  -3252.0,\n  -385.3,\n  -363.0,\n  694.2,\n  -285.9,\n  929.5,\n  763.4,\n  -2065.0,\n  -463.5,\n  -328.0,\n  104.9,\n  536.9,\n  378.1,\n  -421.9,\n  965.6,\n  -1778.0,\n  -3252.0,\n  -2885.0,\n  -2030.0,\n  515.6,\n  388.1,\n  298.9,\n  -222.0,\n  -488.1,\n  3.978,\n  112.8,\n  -135.2,\n  -61.69,\n  -410.8,\n  38.41,\n  -319.1,\n  -425.3,\n  -385.3,\n  -2885.0,\n  -2229.0,\n  61.0,\n  -340.2,\n  238.5,\n  -3.175,\n  -828.6,\n  -726.6,\n  -365.7,\n  -122.5,\n  199.1,\n  343.5,\n  154.6,\n  -119.7,\n  -376.7,\n  -363.0,\n  -2030.0,\n  -2229.0],\n 'Hessian_all': [-64940.0,\n  57.4,\n  -9376.0,\n  -9043.0,\n  -3742.0,\n  174.2,\n  -564.3,\n  -92.04,\n  -216.7,\n  -195.7,\n  -1854.0,\n  29.4,\n  65.49,\n  689.6,\n  694.2,\n  515.6,\n  61.0,\n  57.4,\n  -27070.0,\n  -1943.0,\n  -552.5,\n  -24.89,\n  -442.9,\n  197.3,\n  -75.14,\n  20.65,\n  -401.8,\n  -233.0,\n  124.6,\n  -68.32,\n  -563.8,\n  -285.9,\n  388.1,\n  -340.2,\n  -9376.0,\n  -1943.0,\n  -81490.0,\n  -1732.0,\n  -3867.0,\n  103.7,\n  -121.4,\n  -158.9,\n  -323.6,\n  -170.2,\n  -861.9,\n  152.8,\n  -275.5,\n  -192.4,\n  929.5,\n  298.9,\n  238.5,\n  -9043.0,\n  -552.5,\n  -1732.0,\n  -157100.0,\n  -40270.0,\n  -3739.0,\n  -1701.0,\n  -1042.0,\n  -119.1,\n  -450.5,\n  -9163.0,\n  -2040.0,\n  -1359.0,\n  -364.9,\n  763.4,\n  -222.0,\n  -3.175,\n  -3742.0,\n  -24.89,\n  -3867.0,\n  -40270.0,\n  -270400.0,\n  -16140.0,\n  -6408.0,\n  -2381.0,\n  80.19,\n  504.8,\n  -2411.0,\n  423.5,\n  -831.5,\n  -638.9,\n  -2065.0,\n  -488.1,\n  -828.6,\n  174.2,\n  -442.9,\n  103.7,\n  -3739.0,\n  -16140.0,\n  -64670.0,\n  -575.1,\n  -17.26,\n  565.9,\n  -949.2,\n  -2223.0,\n  -760.0,\n  104.9,\n  162.2,\n  -463.5,\n  3.978,\n  -726.6,\n  -564.3,\n  197.3,\n  -121.4,\n  -1701.0,\n  -6408.0,\n  -575.1,\n  -36540.0,\n  -592.8,\n  -195.7,\n  -790.9,\n  -137.1,\n  -264.8,\n  329.7,\n  73.97,\n  -328.0,\n  112.8,\n  -365.7,\n  -92.04,\n  -75.14,\n  -158.9,\n  -1042.0,\n  -2381.0,\n  -17.26,\n  -592.8,\n  -21220.0,\n  318.9,\n  -5567.0,\n  -296.6,\n  -27.44,\n  -17.98,\n  337.5,\n  104.9,\n  -135.2,\n  -122.5,\n  -216.7,\n  20.65,\n  -323.6,\n  -119.1,\n  80.19,\n  565.9,\n  -195.7,\n  318.9,\n  -28760.0,\n  -8872.0,\n  998.4,\n  203.9,\n  340.3,\n  46.52,\n  536.9,\n  -61.69,\n  199.1,\n  -195.7,\n  -401.8,\n  -170.2,\n  -450.5,\n  504.8,\n  -949.2,\n  -790.9,\n  -5567.0,\n  -8872.0,\n  -86760.0,\n  1483.0,\n  49.71,\n  -596.8,\n  -187.6,\n  378.1,\n  -410.8,\n  343.5,\n  -1854.0,\n  -233.0,\n  -861.9,\n  -9163.0,\n  -2411.0,\n  -2223.0,\n  -137.1,\n  -296.6,\n  998.4,\n  1483.0,\n  -85530.0,\n  -8795.0,\n  -6206.0,\n  -759.9,\n  -421.9,\n  38.41,\n  154.6,\n  29.4,\n  124.6,\n  152.8,\n  -2040.0,\n  423.5,\n  -760.0,\n  -264.8,\n  -27.44,\n  203.9,\n  49.71,\n  -8795.0,\n  -26420.0,\n  -237.5,\n  -348.1,\n  965.6,\n  -319.1,\n  -119.7,\n  65.49,\n  -68.32,\n  -275.5,\n  -1359.0,\n  -831.5,\n  104.9,\n  329.7,\n  -17.98,\n  340.3,\n  -596.8,\n  -6206.0,\n  -237.5,\n  -23000.0,\n  -1907.0,\n  -1778.0,\n  -425.3,\n  -376.7,\n  689.6,\n  -563.8,\n  -192.4,\n  -364.9,\n  -638.9,\n  162.2,\n  73.97,\n  337.5,\n  46.52,\n  -187.6,\n  -759.9,\n  -348.1,\n  -1907.0,\n  -26110.0,\n  -3252.0,\n  -385.3,\n  -363.0,\n  694.2,\n  -285.9,\n  929.5,\n  763.4,\n  -2065.0,\n  -463.5,\n  -328.0,\n  104.9,\n  536.9,\n  378.1,\n  -421.9,\n  965.6,\n  -1778.0,\n  -3252.0,\n  -34340.0,\n  -2885.0,\n  -2030.0,\n  515.6,\n  388.1,\n  298.9,\n  -222.0,\n  -488.1,\n  3.978,\n  112.8,\n  -135.2,\n  -61.69,\n  -410.8,\n  38.41,\n  -319.1,\n  -425.3,\n  -385.3,\n  -2885.0,\n  -27120.0,\n  -2229.0,\n  61.0,\n  -340.2,\n  238.5,\n  -3.175,\n  -828.6,\n  -726.6,\n  -365.7,\n  -122.5,\n  199.1,\n  343.5,\n  154.6,\n  -119.7,\n  -376.7,\n  -363.0,\n  -2030.0,\n  -2229.0,\n  -23660.0]}"
     },
     "execution_count": 8,
     "metadata": {},
     "output_type": "execute_result"
    }
   ],
   "source": [
    "data2"
   ],
   "metadata": {
    "collapsed": false,
    "ExecuteTime": {
     "end_time": "2024-02-20T03:35:07.487815486Z",
     "start_time": "2024-02-20T03:35:07.480779454Z"
    }
   },
   "id": "a117ed2f090d6957",
   "execution_count": 8
  },
  {
   "cell_type": "code",
   "outputs": [],
   "source": [
    "def load_rmse_data1(data1, data2):\n",
    "    iqtree_br = np.array(data1[\"branches\"])\n",
    "    baseml_br = np.array(data2[\"branches\"])\n",
    "    error_br = rmse(iqtree_br, baseml_br)\n",
    "\n",
    "    iqtree_gradients = np.array(data1[\"gradients\"])\n",
    "    baseml_gradients = np.array(data2[\"gradients\"])\n",
    "    error_gradients = rmse(iqtree_gradients, baseml_gradients)\n",
    "    \n",
    "    \n",
    "    iqtree_off_diagonal_h = np.array(data1[\"Hessian_off_diagonal\"])\n",
    "    baseml_off_diagonal_h = np.array(data2[\"Hessian_off_diagonal\"])\n",
    "    \n",
    "    iqtree_diagonal_h = np.array(data1[\"Hessian_diagonal\"])\n",
    "    baseml_diagonal_h = np.array(data2[\"Hessian_diagonal\"])\n",
    "    \n",
    "    iqtree_h = np.array(data1[\"Hessian_all\"])\n",
    "    baseml_h = np.array(data2[\"Hessian_all\"])\n",
    "    min_h = min(iqtree_h)\n",
    "    max_h = max(iqtree_h)\n",
    "\n",
    "    error_diagonal_h = rmse(iqtree_diagonal_h, baseml_diagonal_h)\n",
    "    error_off_diagonal_h = rmse(iqtree_off_diagonal_h, baseml_off_diagonal_h)\n",
    "    error_h = rmse(iqtree_h, baseml_h)\n",
    "\n",
    "    return error_br, error_gradients, error_diagonal_h, error_off_diagonal_h, error_h, min_h, max_h"
   ],
   "metadata": {
    "collapsed": false,
    "ExecuteTime": {
     "end_time": "2024-02-20T03:39:58.935507892Z",
     "start_time": "2024-02-20T03:39:58.933168616Z"
    }
   },
   "id": "f072ecb2a39edcfc",
   "execution_count": 18
  },
  {
   "cell_type": "code",
   "outputs": [],
   "source": [
    "error_br, error_gradients, error_diagonal_h, error_off_diagonal_h, error_h, min_h, max_h = load_rmse_data1(data1, data2)"
   ],
   "metadata": {
    "collapsed": false,
    "ExecuteTime": {
     "end_time": "2024-02-20T03:39:59.208569025Z",
     "start_time": "2024-02-20T03:39:59.205944309Z"
    }
   },
   "id": "121edb2db64721cb",
   "execution_count": 19
  },
  {
   "cell_type": "markdown",
   "source": [
    "### Test for single alignment protein data with WAG model"
   ],
   "metadata": {
    "collapsed": false
   },
   "id": "d5f99697b8e5010c"
  },
  {
   "cell_type": "code",
   "outputs": [],
   "source": [
    "mcmctree_file = \"/home/piyumal/PHD/TimeTree/Protein_models/simulated_data/mcmctree_runs/single_partition/rst2\"\n",
    "iqtree_file_1 = \"/home/piyumal/PHD/TimeTree/Protein_models/simulated_data/single_partition/output_v1.out.BV\"\n",
    "iqtree_file_2 = \"/home/piyumal/PHD/TimeTree/Protein_models/simulated_data/single_partition/output_v2.out.BV\"\n",
    "iqtree_file_3 = \"/home/piyumal/PHD/TimeTree/Protein_models/simulated_data/single_partition/output_v3.out.BV\""
   ],
   "metadata": {
    "collapsed": false,
    "ExecuteTime": {
     "end_time": "2024-02-20T04:43:36.455510722Z",
     "start_time": "2024-02-20T04:43:36.410669183Z"
    }
   },
   "id": "8a5a80680ff51120",
   "execution_count": 22
  },
  {
   "cell_type": "code",
   "outputs": [],
   "source": [
    "data1 = read_files(mcmc_file)\n",
    "data2 = read_files(iqtree_file_1)\n",
    "data3 = read_files(iqtree_file_2)\n",
    "data4 = read_files(iqtree_file_3)"
   ],
   "metadata": {
    "collapsed": false
   },
   "id": "7470d5d0ed27fbdb",
   "execution_count": null
  },
  {
   "cell_type": "code",
   "outputs": [
    {
     "name": "stdout",
     "output_type": "stream",
     "text": [
      "error_br: 9.354992375888544e-06 error_gradients: 0.3045318333199463 error_diagonal_h: 400.0378643843311 error_off_diagonal_h: 0.5544984101929014 error_h: 97.02492476525784 min_h: -270400.0 max_h: 1483.0\n"
     ]
    }
   ],
   "source": [
    "error_br, error_gradients, error_diagonal_h, error_off_diagonal_h, error_h, min_h, max_h = load_rmse_data1(data1, data2)\n",
    "print(\"error_br:\", error_br, \"error_gradients:\", error_gradients, \"error_diagonal_h:\", error_diagonal_h, \"error_off_diagonal_h:\", error_off_diagonal_h, \"error_h:\" ,error_h, \"min_h:\", min_h, \"max_h:\", max_h)"
   ],
   "metadata": {
    "collapsed": false,
    "ExecuteTime": {
     "end_time": "2024-02-20T04:48:54.699574317Z",
     "start_time": "2024-02-20T04:48:54.651897193Z"
    }
   },
   "id": "1de0bf60f980483d",
   "execution_count": 24
  },
  {
   "cell_type": "code",
   "outputs": [
    {
     "name": "stdout",
     "output_type": "stream",
     "text": [
      "error_br: 9.354992375888544e-06 error_gradients: 0.3045318333199463 error_diagonal_h: 400.0378643843311 error_off_diagonal_h: 0.5544984101929014 error_h: 97.02492476525784 min_h: -270400.0 max_h: 1483.0\n"
     ]
    }
   ],
   "source": [
    "error_br, error_gradients, error_diagonal_h, error_off_diagonal_h, error_h, min_h, max_h = load_rmse_data1(data1, data3)\n",
    "print(\"error_br:\", error_br, \"error_gradients:\", error_gradients, \"error_diagonal_h:\", error_diagonal_h, \"error_off_diagonal_h:\", error_off_diagonal_h, \"error_h:\" ,error_h, \"min_h:\", min_h, \"max_h:\", max_h)"
   ],
   "metadata": {
    "collapsed": false,
    "ExecuteTime": {
     "end_time": "2024-02-20T04:49:13.139707373Z",
     "start_time": "2024-02-20T04:49:13.091250882Z"
    }
   },
   "id": "85272a8376568c64",
   "execution_count": 25
  },
  {
   "cell_type": "code",
   "outputs": [
    {
     "name": "stdout",
     "output_type": "stream",
     "text": [
      "error_br: 9.354992375888544e-06 error_gradients: 0.3045318333199463 error_diagonal_h: 400.0378643843311 error_off_diagonal_h: 0.5544984101929014 error_h: 97.02492476525784 min_h: -270400.0 max_h: 1483.0\n"
     ]
    }
   ],
   "source": [
    "error_br, error_gradients, error_diagonal_h, error_off_diagonal_h, error_h, min_h, max_h = load_rmse_data1(data1, data4)\n",
    "print(\"error_br:\", error_br, \"error_gradients:\", error_gradients, \"error_diagonal_h:\", error_diagonal_h, \"error_off_diagonal_h:\", error_off_diagonal_h, \"error_h:\" ,error_h, \"min_h:\", min_h, \"max_h:\", max_h)"
   ],
   "metadata": {
    "collapsed": false,
    "ExecuteTime": {
     "end_time": "2024-02-20T04:49:20.154803692Z",
     "start_time": "2024-02-20T04:49:20.144067391Z"
    }
   },
   "id": "d0d91eb268491c66",
   "execution_count": 26
  },
  {
   "cell_type": "markdown",
   "source": [
    "### Test for branch propotional partiton models protein data with WAG model"
   ],
   "metadata": {
    "collapsed": false
   },
   "id": "351034e7fa8bcf2a"
  },
  {
   "cell_type": "code",
   "outputs": [],
   "source": [
    "single_alignment_file = \"/home/piyumal/PHD/TimeTree/Protein_models/simulated_data/single_partition/output_v1.out.BV\"\n",
    "iqtree_file_1 = \"/home/piyumal/PHD/TimeTree/Protein_models/simulated_data/p_WAG/output_v1.out.BV\"\n",
    "iqtree_file_2 = \"/home/piyumal/PHD/TimeTree/Protein_models/simulated_data/p_WAG/output_v2.out.BV\"\n",
    "iqtree_file_3 = \"/home/piyumal/PHD/TimeTree/Protein_models/simulated_data/p_WAG/output_v3.out.BV\""
   ],
   "metadata": {
    "collapsed": false,
    "ExecuteTime": {
     "end_time": "2024-02-20T05:02:11.839413298Z",
     "start_time": "2024-02-20T05:02:11.794924453Z"
    }
   },
   "id": "9c0f18a272ba0837",
   "execution_count": 28
  },
  {
   "cell_type": "code",
   "outputs": [
    {
     "name": "stdout",
     "output_type": "stream",
     "text": [
      "10\n",
      "\n",
      "##############################\n",
      "\n",
      "((T4:0.2777963941,T3:0.0885868485):0.1057860034,((T2:0.1254205084,T1:0.2171025291):0.01501976136,(T10:0.2536031902,T9:0.0635512038):0.3250041052):0.03625011597,(T8:0.2699087436,(T7:0.2447521294,(T6:0.2365104754,T5:0.2733158417):0.1439397853):0.2587706753):0.05407619569);\n",
      "\n",
      "##############################\n",
      "\n",
      " 0.105786  0.277796 0.0885868 0.0362501 0.0150198  0.125421  0.217103  0.325004  0.253603 0.0635512 0.0540762  0.269909  0.258771  0.244752   0.14394   0.23651  0.273316\n",
      "\n",
      "##############################\n",
      "\n",
      "    0.161836  -0.00167494   -0.0203049     0.126514    -0.105647 -0.000930497   -0.0363251    0.0423006    0.0556355  3.76041e-05     0.110846     0.126824    0.0947554    -0.395147    -0.594388    -0.915778    -0.369966\n",
      "\n",
      "##############################\n",
      "\n",
      "Hessian \n",
      "\n",
      "##############################\n",
      "\n",
      "-65109.5  57.4161 -9375.65 -9042.73 -3742.02  174.184 -564.277 -92.0324  -216.67 -195.697 -1854.08  29.4221  65.4991  689.609  694.145  515.547  60.9939\n",
      "\n",
      "##############################\n",
      "\n",
      " 57.4161 -27046.9  -1942.6 -552.488 -24.8805 -442.917  197.306 -75.1428  20.6476 -401.829 -232.988  124.643 -68.3153 -563.816 -285.839  388.054 -340.162\n",
      "\n",
      "##############################\n",
      "\n",
      "-9375.65  -1942.6 -81575.3 -1731.86 -3866.98  103.674 -121.398 -158.927 -323.581 -170.178 -861.909  152.804  -275.55 -192.422  929.415  298.913  238.482\n",
      "\n",
      "##############################\n",
      "\n",
      "-9042.73 -552.488 -1731.86  -157531 -40265.8 -3739.07 -1700.81 -1042.31 -119.142 -450.512 -9163.31 -2040.09  -1358.7 -364.889  763.352 -221.958 -3.17562\n",
      "\n",
      "##############################\n",
      "\n",
      "-3742.02 -24.8805 -3866.98 -40265.8  -271805 -16135.4 -6407.93 -2381.15  80.1633  504.745  -2411.4  423.456 -831.536 -638.854 -2064.32 -488.057 -828.498\n",
      "\n",
      "##############################\n",
      "\n",
      " 174.184 -442.917  103.674 -3739.07 -16135.4 -64204.4 -575.074 -17.2588   565.94 -949.191 -2223.26 -759.991  104.855   162.24 -463.475  3.96143 -726.532\n",
      "\n",
      "##############################\n",
      "\n",
      "-564.277  197.306 -121.398 -1700.81 -6407.93 -575.074 -36453.7 -592.846 -195.702 -790.887 -137.124 -264.759  329.724  73.9729 -327.929  112.746 -365.674\n",
      "\n",
      "##############################\n",
