
 34

(((((((elephantulus_edwardii: 0.042736, elephantulus_sp_vb001: 0.051881): 0.009639, ((elephantulus_intufi: 0.012690, elephantulus_rupestris: 0.035913): 0.004175, (elephantulus_brachyrhynchus: 0.012694, elephantulus_rufescens: 0.009098): 0.039821): 0.000004): 0.009965, ((petrosaltator_rozeti: 0.051218, petrodromus_tetradactylus: 0.024641): 0.010978, ((macroscelides_flavicaudatus: 0.022693, macroscelides_proboscideus: 0.020437): 0.038718, macroscelides_micus: 0.069999): 0.019608): 0.004078): 0.044997, rhynchocyon_udzungwensis: 0.056755): 0.016958, ((echinops_telfairi: 0.098021, (((((microgale_longicaudata: 0.012916, microgale_majori: 0.012266): 0.022640, microgale_principula: 0.018969): 0.008951, microgale_pusilla: 0.023611): 0.027964, microgale_brevicaudata: 0.066672): 0.042674, oryzorictes: 0.075162): 0.008967): 0.068509, ((amblysomus_hottentotus: 0.025564, eremitalpa_granti: 0.022606): 0.017698, chrysochloris_asiatica: 0.033620): 0.064916): 0.012918): 0.007209, orycteropus_afer: 0.088768): 0.009945, (((trichechus_manatus: 0.032086, dugong_dugon: 0.032029): 0.036391, ((loxodonta_cyclotis: 0.009598, loxodonta_africana: 0.008219): 0.005253, (elephas_maximus_indicus: 0.001662, elephas_maximus: 0.003309): 0.003721): 0.148720): 0.009448, (dendrohyrax_dorsalis: 0.036607, procavia_capensis: 0.026474): 0.084187): 0.011829, (ornithorhynchus_anatinus: 0.043782, (zaglossus_bruijni: 0.009563, tachyglossus_aculeatus: 0.013613): 0.043110): 0.232377);

  0.009945  0.007209  0.016958  0.044997  0.009965  0.009639  0.042736  0.051881  0.000004  0.004175  0.012690  0.035913  0.039821  0.012694  0.009098  0.004078  0.010978  0.051218  0.024641  0.019608  0.038718  0.022693  0.020437  0.069999  0.056755  0.012918  0.068509  0.098021  0.008967  0.042674  0.027964  0.008951  0.022640  0.012916  0.012266  0.018969  0.023611  0.066672  0.075162  0.064916  0.017698  0.025564  0.022606  0.033620  0.088768  0.011829  0.009448  0.036391  0.032086  0.032029  0.148720  0.005253  0.009598  0.008219  0.003721  0.001662  0.003309  0.084187  0.036607  0.026474  0.232377  0.043782  0.043110  0.009563  0.013613

  0.000000  0.000000  0.000000  0.000000  0.000000  0.000000  0.000000  0.000000 -261.365431  0.000000  0.000000  0.000000  0.000000  0.000000  0.000000  0.000000  0.000000  0.000000  0.000000  0.000000  0.000000  0.000000  0.000000  0.000000  0.000000  0.000000  0.000000  0.000000  0.000000  0.000000  0.000000  0.000000  0.000000  0.000000  0.000000  0.000000  0.000000  0.000000  0.000000  0.000000  0.000000  0.000000  0.000000  0.000000  0.000000  0.000000  0.000000  0.000000  0.000000  0.000000  0.000000 -0.011744 -0.013621 -0.013531 -0.012613 -0.016725 -0.018529  0.000000  0.000000  0.000000  0.000000  0.000000  0.000000 -0.008234 -0.005743


Hessian

 -1.798e+05 -2.437e+04      -3426      -3086     -395.1     -223.2      287.5      -2018      149.4     -635.8      642.3      697.9     -161.1      813.3      900.4      -2526       1039     -192.6      64.33      -3688      -2047      862.1      -1414      626.6     -618.1      -8728     -97.72      -1134      -1236      507.6     -326.1       2469      -2223      -1966       2418      409.3       2270     -62.02      186.8      -4056     -433.6      218.1     -795.3       1615      -5093 -6.543e+04 -1.467e+04      -7215      58.61      -1778       1022       6959       5929  1.024e+04       9358       2122   1.08e+04     -335.2       4092       2171       1048       3585       3278       9230       5078
 -2.437e+04 -1.788e+05 -1.678e+04 -1.446e+04     -311.8     -334.9      263.9      -1121      594.8      -4654      947.3      949.2      965.8      394.7      -2300      -1100      -1089      -1649      -1104      -1650      27.46       1075       1224      786.2     -899.8 -2.614e+04      -1003     -68.59      -1016      903.7      679.5      -1007       1692     -312.3       1901        983      627.7      443.5        381      -9947      976.9      78.84      681.5       1639      -5455 -2.117e+04      -2719      -2426       3767       2648      644.2      -4085       8303       9353       84.5       2456       6698      234.5       4131      612.7      247.3       4634       2800       7846       7837
      -3426 -1.678e+04 -4.955e+04 -4.525e+04      -2706      -3202      46.99      -3255     -853.7      227.5      569.6      301.7      614.8      351.1      -3213      -1940      381.8     -156.2     -151.7      -1970      -1194      270.1     -885.1      534.4      -1081      -2784     -167.6      184.1      -1274      173.8      580.8        680       1833       1520       3207     -32.63     -248.7      864.4      22.36      -1812       1732     -59.49       1598       1480      298.6      -3096      -1226       2375       4876       4754       2125       2701       2604       6483       3169       1914       5063      191.8       3543       3527      428.9       3793       2216      226.2       3459
      -3086 -1.446e+04 -4.525e+04  -4.74e+04      -2930      -3204      433.5      -2453     -913.1      -3301      673.8      662.1     -49.64      209.7     -551.3     -761.2      440.2     -54.07     -47.55      -1474      -2058      880.6      -1065      510.1       -579      -3028      173.7      525.5      -1274      173.8      580.8        680       1833       1520       3207     -32.63     -248.7      864.4      22.36      -1419       2143     -59.49       2009       1591      714.4      -2794     -857.6       2034       4658       4321       1734       5288      447.8       6470       4720       1849       4949      152.5       3198       4234      659.1       3536       2193      26.79       2192
     -395.1     -311.8      -2706      -2930 -7.161e+04 -3.975e+04      -2203 -3.806e+04      -2254      -3745      42.34     -262.7      -1913       1342      667.3 -1.115e+04      -2365       1123     -26.49      -8799      -6674      -1089      -9073      -2294      455.8       1190      -1241     -425.2      443.6     -194.4     -130.2      732.9      496.6     -179.6      590.9      -1077      929.9      419.4      351.8      -1188       3812      839.2       3678      -1472     -729.8     -526.1       2639       2089       3435      -1535       1869  1.359e+04       7095       2761  1.287e+04       2987   1.26e+04      -1612       3932       1322       1056     -137.2     -27.37     -530.7       5136
     -223.2     -334.9      -3202      -3204 -3.975e+04 -6.355e+04      -1392   -4.2e+04      -6200      -3390      486.2      -2171     -124.6      -2339     -788.2      -4057      892.2      -1985      992.8      -4386      -4683      450.5      -6652    -0.4572     -363.9       2467     -419.5      396.1      443.6     -194.4     -130.2      732.9      496.6     -179.6      590.9      -1077      929.9      419.4      351.8     -517.1       5056      591.7       4958      235.3     -174.2     -381.9       3182       2047       3391      -1776       2287  1.377e+04       6509      -3032   1.25e+04       2632  1.171e+04      407.4      -1432      915.3       1039       3373       1718      956.6       5237
      287.5      263.9      46.99      433.5      -2203      -1392      -8599      541.5     -979.5      369.9     -851.1     -778.5     -123.1      76.18      -5929      498.7       -669     -69.15      65.91      433.4      441.5     -626.8      279.1      222.8     -495.7      146.6     -459.4     -459.4  3.706e-08  8.575e-08 -1.271e-08   4.13e-09  7.488e-09 -4.878e-08  1.036e-08  3.259e-09  5.374e-09  9.549e-09  3.571e-08      297.1      606.4  3.181e-08      606.4      25.45     -150.3     -418.7     -194.7     -599.6     -426.7      755.8        219       1965       2095      -3469       1993       2332      -4802     -715.5     -574.5     -698.6      122.8      838.4       1004      -1430       1326
      -2018      -1121      -3255      -2453 -3.806e+04   -4.2e+04      541.5 -4.805e+04     -854.9      425.8      665.4      580.7       -651      -1029      -1278      -5138      -1264     -390.8       1099      -5860      -5006     -293.2      -5636     -472.5     -389.8       2632     -628.5      187.2      443.6     -194.4     -130.2      732.9      496.6     -179.6      590.9      -1077      929.9      419.4      351.8     -219.5       5205      591.7       5107      357.4      -1029      -2751       2832       1852       2496      -2551       2926  1.231e+04       6397      101.6       8981       2331  1.176e+04       1107       2404       1527       1284       3070      847.6     -107.8       3827
      149.4      594.8     -853.7     -913.1      -2254      -6200     -979.5     -854.9 -1.083e+04      -3902      -1075      -1670      -5196      -1483      -4514       -553      146.6      129.5      450.1      9.009     -972.7      -1578      -1898       -298      -1077      32.54        551        551    1.9e-08  1.633e-08 -5.431e-07 -1.432e-07  1.141e-07  -1.03e-06 -2.105e-07 -1.358e-07  1.901e-07  8.733e-08  4.392e-08     -332.1     -24.06      111.1     -583.3      370.6     -121.6       1071      346.3     -166.2      392.6      286.8      454.6       2748       2781     -287.3       3156       1983       2436      191.7      563.2      703.4      395.2     -18.69      837.6      257.8      621.3
     -635.8      -4654      227.5      -3301      -3745      -3390      369.9      425.8      -3902 -4.978e+04      -2425     -813.9      -1528     -92.35       1153     -590.2     -422.6      677.2     -93.16     -88.94      -5165      489.5     -527.7      43.99     -889.7      -6747     -53.32     -53.32 -4.527e-08  1.163e-07  7.948e-07 -1.595e-07  2.367e-07  1.136e-07 -1.521e-07 -2.167e-07 -1.701e-07 -5.954e-08  1.235e-07      -1069      219.9  5.629e-09      219.9       1051      282.7      -1414        670      821.5       1065      860.9      275.1       1908       1808      -1628       2021       2519       2443      400.4       1406        202      377.3      503.8      685.4      35.57       1576
      642.3      947.3      569.6      673.8      42.34      486.2     -851.1      665.4      -1075      -2425 -2.971e+04      297.1      435.4       1091       1328      187.7      -4017      784.3      -2565      -1699     -915.8      995.6       1393      359.9     -773.7      633.4      494.7      494.7  3.125e-08  5.662e-08 -2.265e-08 -6.223e-09 -2.245e-09 -3.696e-08  1.423e-10  -2.31e-08 -4.643e-09          0  2.923e-08      961.5       48.6  4.409e-08       48.6      911.1      534.7       1016      449.9      601.6     -368.1      -1528      199.7       1527       1220      -7526       1689       2283       2218     -958.2      -1400      -2776        301      407.7      579.9      -5869     -692.9
      697.9      949.2      301.7      662.1     -262.7      -2171     -778.5      580.7      -1670     -813.9      297.1 -1.006e+04     -45.26     -609.6       1391      -5831      124.3     -690.3     -955.6      -1321     -180.3     -295.1      -1504     -327.7      192.2      634.5      719.8      719.8  2.778e-08 -1.689e-07 -2.237e-08  -5.94e-09 -2.221e-09  1.965e-07   1.45e-10  1.799e-07 -4.591e-09 -3.068e-17  2.763e-08      608.8      69.81  4.093e-08      69.81     -315.5      273.6       1187      789.5      467.9       1006       1066     -315.5     -9.855       1581      -4318      -2683       2296       2171       -614       1889      240.1      431.1      531.1      102.9      -1706       1333
     -161.1      965.8      614.8     -49.64      -1913     -124.6     -123.1       -651      -5196      -1528      435.4     -45.26 -1.322e+04      81.82      -4400      776.4      826.6      -1109      194.5      555.5     -266.9      -2691      -1153      537.7     -801.3      63.61        161        161   2.45e-08 -4.802e-08 -3.486e-09 -1.559e-08  1.427e-08  1.828e-07  1.331e-08 -3.363e-08 -1.399e-07  2.916e-08  7.622e-08      821.8     -88.93      111.1     -648.1      324.5      314.4      800.6      785.1      324.6      361.9     -324.8      603.6       3437       3257       2591       3813       2295       2998      809.2      193.9      102.7      164.5      -1148     -14.44       1038      444.2
      813.3      394.7      351.1      209.7       1342      -2339      76.18      -1029      -1483     -92.35       1091     -609.6      81.82 -2.757e+04      -4262      -3414      -5576     -642.9      -1393       1475     -435.2     -734.1      -1625     -233.5     -246.7      153.9      135.3      135.3  3.135e-08  5.937e-08 -2.268e-08 -5.738e-09 -2.245e-09 -3.981e-08  1.343e-10 -5.171e-08 -4.426e-09 -6.162e-17  2.978e-08      639.6      -3.01  5.131e-08      -3.01     -58.31      198.1       1130      327.4      158.9      815.1      669.1      396.9       1807       1495       1072       2025       2087       2183      543.6      87.69      -1844        142     -490.1      331.9      -5630     -418.2
      900.4      -2300      -3213     -551.3      667.3     -788.2      -5929      -1278      -4514       1153       1328       1391      -4400      -4262 -4.157e+04     -633.4      -1587      -2687      -1237       1412      -1579     -512.6       1166      755.6      -1133     -462.7     -562.5     -562.5 -2.267e-07 -9.918e-08  3.952e-08 -3.946e-07  5.755e-08 -7.459e-07 -2.544e-07 -2.142e-07 -1.842e-07  3.529e-08  2.274e-08       9.98      189.3      111.1     -369.9     -398.9      -1311       1123      278.7     -988.7       1610       1019      883.7       3080       3515       2993       3798      685.5       2746      559.3     -233.7      -3088     -410.2     -377.3      404.4      702.7      386.8
      -2526      -1100      -1940     -761.2 -1.115e+04      -4057      498.7      -5138       -553     -590.2      187.7      -5831      776.4      -3414     -633.4 -7.542e+04      -7657      89.11      -4376 -3.833e+04 -3.709e+04      -1303 -3.699e+04     -935.4       -362      740.2      343.1      409.3      506.7     -32.17       -287       1656      595.6      139.4       1417     -554.5      659.2     -19.06       -313      7.782       1375      382.4      975.1      -1161     -464.5     -98.93      -1023       2011       2074       2910       1297       4535       8043      -1502       7220       2744       9208     -520.5       5429       2996       1812       1088       1858       4123       8671
       1039      -1089      381.8      440.2      -2365      892.2       -669      -1264      146.6     -422.6      -4017      124.3      826.6      -5576      -1587      -7657 -1.896e+04     -946.6      -2482        174      -1804     -62.17     -885.2     -277.2      -1004      42.47      75.49      75.49 -5.109e-08  2.539e-07  4.587e-07 -4.437e-08  -8.42e-09 -7.465e-07 -9.563e-08 -1.041e-07 -5.966e-08  9.002e-08 -8.779e-08      -1098     -146.7 -1.054e-07     -146.7      103.6      507.2       1717      885.8       1324       1150       1083        383       1501       2292      -6258       1909       2296       2241     -477.1       1214     -788.9        412      -1805        198      -1556      722.4
     -192.6      -1649     -156.2     -54.07       1123      -1985     -69.15     -390.8      129.5      677.2      784.3     -690.3      -1109     -642.9      -2687      89.11     -946.6      -5760     -337.1      841.6      62.39      267.2      525.8     -83.87     -226.4      211.1      369.5      369.5  1.568e-08  5.613e-08  4.309e-07 -6.082e-08 -8.166e-09  3.791e-08 -7.842e-08 -1.003e-07 -8.114e-08  6.597e-08 -4.363e-08     -15.76      431.7  1.413e-07      431.7     -308.6     -143.9      829.8      649.4      775.1      863.2      253.8      89.17       1158       2078      -1417       1661     -6.132      -3996      213.4     -575.6      181.1     -76.83     -68.84      426.1        547      904.1
      64.33      -1104     -151.7     -47.55     -26.49      992.8      65.91       1099      450.1     -93.16      -2565     -955.6      194.5      -1393      -1237      -4376      -2482     -337.1 -1.193e+04      -2571      -1364     -145.3      313.4     -260.6       -871      170.5      118.5      118.5  2.382e-08  5.365e-08 -2.144e-08 -4.643e-09 -9.547e-10 -3.199e-08  1.557e-09 -4.814e-08 -3.339e-09  1.346e-09  2.121e-08      313.9     -873.5  2.385e-08     -873.5      106.6     -104.6     -52.02      296.7      426.5        989     -148.1        124      -2008       1660       64.5      200.8       2503       2396     -381.3     -625.7     -158.2      210.4      165.9      641.9      -4954     -172.3
      -3688      -1650      -1970      -1474      -8799      -4386      433.4      -5860      9.009     -88.94      -1699      -1321      555.5       1475       1412 -3.833e+04        174      841.6      -2571 -4.791e+04 -3.827e+04      30.52   -3.5e+04      -1054      630.1       1506      471.5      537.8      506.7     -32.17       -287       1656      595.6      139.4       1417     -554.5      659.2     -19.06       -313      396.7       3360      382.4       2960       2374     -808.8      -1326      -2058      608.4      149.8       1616       2065       4635       7015      -1734       5707      -7536       8466      259.8       4276       4407       1346     -318.5     -550.7       1260       7725
      -2047      27.46      -1194      -2058      -6674      -4683      441.5      -5006     -972.7      -5165     -915.8     -180.3     -266.9     -435.2      -1579 -3.709e+04      -1804      62.39      -1364 -3.827e+04 -4.314e+04      385.4 -3.558e+04     -302.4      138.8      738.6      964.8       1031      506.7     -32.17       -287       1656      595.6      139.4       1417     -554.5      659.2     -19.06       -313      538.5       3488      382.4       3088       2658     -118.3      332.7      -1234       1735       1344       2296       2464       8057       7598      -2770       8450      -7735       8233       1587       4278       2981       1503      373.7      711.5       4197       8311
      862.1       1075      270.1      880.6      -1089      450.5     -626.8     -293.2      -1578      489.5      995.6     -295.1      -2691     -734.1     -512.6      -1303     -62.17      267.2     -145.3      30.52      385.4  -1.45e+04      -3417      142.5     -456.2      560.6      333.7      333.7  2.718e-07 -2.427e-07 -6.004e-08  4.398e-07 -6.708e-08  3.953e-07  2.218e-07  1.191e-07  6.114e-07 -1.094e-08  8.109e-08      370.2     -148.7 -8.704e-08     -148.7      565.8      684.4       1155     -372.8      145.1      984.8        918     -141.8      873.6     -995.7       1099     -79.99       2015       2325      50.44       1299      550.9       60.6     -589.6     -88.62      864.3      939.3
      -1414       1224     -885.1      -1065      -9073      -6652      279.1      -5636      -1898     -527.7       1393      -1504      -1153      -1625       1166 -3.699e+04     -885.2      525.8      313.4   -3.5e+04 -3.558e+04      -3417 -5.379e+04     -529.6      756.4      271.4       1180       1246      506.7     -32.17       -287       1656      595.6      139.4       1417     -554.5      659.2     -19.06       -313     -177.8       2653      382.4       2253       2714        460       1024      -1365       1640      341.2       2407       1423       6544       6609      -2885       3316       2392       8641       2032       5737       4541       1500       1184      378.1       4433       8173
      626.6      786.2      534.4      510.1      -2294    -0.4572      222.8     -472.5       -298      43.99      359.9     -327.7      537.7     -233.5      755.6     -935.4     -277.2     -83.87     -260.6      -1054     -302.4      142.5     -529.6      -3672     -248.3      168.2      206.5      206.5  -8.04e-08  5.096e-08 -6.412e-09 -1.246e-10 -4.614e-09 -4.867e-08 -8.974e-10 -2.323e-08 -9.575e-09  1.219e-10 -6.575e-08     -145.2     -396.9 -6.061e-08     -396.9      -1160      174.9        928      39.35      268.1      390.7      457.1      88.65      -1841     -574.8     -397.5      -4294      179.4       1506      151.4      440.2      165.6       50.1      128.7      11.34        321      726.6
     -618.1     -899.8      -1081       -579      455.8     -363.9     -495.7     -389.8      -1077     -889.7     -773.7      192.2     -801.3     -246.7      -1133       -362      -1004     -226.4       -871      630.1      138.8     -456.2      756.4     -248.3      -4388     -318.6     -261.9     -261.9  1.741e-08 -1.955e-08 -6.442e-09 -1.251e-10 -4.655e-09  1.897e-08 -9.042e-10  7.666e-08 -1.447e-08  1.225e-10   2.82e-08     -196.7     -197.2  3.045e-08     -197.2      44.73      -7.33      -1543     -20.52      117.4      552.4      307.6      94.85      -1367       1244     -334.4      -1068      217.7       1769      400.8      854.3      36.23      83.72      603.9      723.1      604.6      737.3
      -8728 -2.614e+04      -2784      -3028       1190       2467      146.6       2632      32.54      -6747      633.4      634.5      63.61      153.9     -462.7      740.2      42.47      211.1      170.5       1506      738.6      560.6      271.4      168.2     -318.6  -1.08e+05      -4851      -3350     -28.32      704.6     -105.4       1589       1549       1738       2621      114.2       1546     -892.6      164.6 -2.176e+04     -669.3     -333.9      38.94       -868      -1258      -7544      752.3      -1878       1095       4844      341.8       6405       4399       4636       7093       1688       7137        529       5673       5707      300.1       2347      988.6       7400       6555
     -97.72      -1003     -167.6      173.7      -1241     -419.5     -459.4     -628.5        551     -53.32      494.7      719.8        161      135.3     -562.5      343.1      75.49      369.5      118.5      471.5      964.8      333.7       1180      206.5     -261.9      -4851 -1.927e+04 -1.353e+04      -1585     -294.2      118.9      848.6      -1647       1322      963.6        946       -183       -131     -249.1      896.3      981.2      73.31       1394       1767       1402      620.6       1091       1611       2045       1945       1605       2666       4898       4860       5572      -2323       6807      665.7       2347       2905      484.1       1711       1577       3915       2437
      -1134     -68.59      184.1      525.5     -425.2      396.1     -459.4      187.2        551     -53.32      494.7      719.8        161      135.3     -562.5      409.3      75.49      369.5      118.5      537.8       1031      333.7       1246      206.5     -261.9      -3350 -1.353e+04  -1.85e+04      -2088     -235.3     -345.2      125.7      -1981     -462.5      406.8     -331.7      327.6      64.87     -348.5      928.3      267.3      73.31      679.6       2371      722.6      599.9      959.6       1926       1578       1528       1739       2274       6178       3136       5877      -2323       7111      951.2       2297       1971        445      784.4       1037       3610       2781
      -1236      -1016      -1274      -1274      443.6      443.6  3.706e-08      443.6    1.9e-08 -4.527e-08  3.125e-08  2.778e-08   2.45e-08  3.135e-08 -2.267e-07      506.7 -5.109e-08  1.568e-08  2.382e-08      506.7      506.7  2.718e-07      506.7  -8.04e-08  1.741e-08     -28.32      -1585      -2088 -1.316e+04      -1904     -837.7     -207.6     -301.2       1055       1842      241.8     -319.6     -60.72      -1711     -404.7     -339.3  8.536e-09     -339.3     -598.2      705.8     -493.4      514.7      157.2     -620.1      -1588     -54.12       2027       2717       2583       2143  3.985e-08       2143        302       1397      925.4      246.5     -603.8       -126       1540       1579
      507.6      903.7      173.8      173.8     -194.4     -194.4  8.575e-08     -194.4  1.633e-08  1.163e-07  5.662e-08 -1.689e-07 -4.802e-08  5.937e-08 -9.918e-08     -32.17  2.539e-07  5.613e-08  5.365e-08     -32.17     -32.17 -2.427e-07     -32.17  5.096e-08 -1.955e-08      704.6     -294.2     -235.3      -1904      -8757     -949.5      -1328     -184.8       1989      -2636      170.7      -1193     -46.76      -1350       -200     -152.1 -4.396e-07     -152.1     -134.6      670.4      644.4      -1025     -634.7      236.8      457.8      315.1       2008     -246.9       1651       1976  9.819e-08       1976      132.4       1902       1878      95.89      199.5      350.4     -479.7      940.7
     -326.1      679.5      580.8      580.8     -130.2     -130.2 -1.271e-08     -130.2 -5.431e-07  7.948e-07 -2.265e-08 -2.237e-08 -3.486e-09 -2.268e-08  3.952e-08       -287  4.587e-07  4.309e-07 -2.144e-08       -287       -287 -6.004e-08       -287 -6.412e-09 -6.442e-09     -105.4      118.9     -345.2     -837.7     -949.5 -1.611e+04     -714.9     -440.7       1087      -4307      -1464     -995.6      -2501     -656.3     -351.4     -646.6   2.55e-09     -646.6      41.69       -473     -776.9     -218.5      379.7      -1375      47.24      564.9      -1410       2743       1059     -176.2 -7.701e-09     -176.2       76.4     -325.6     -617.6      63.62      110.9      238.5       1459       1274
       2469      -1007        680        680      732.9      732.9   4.13e-09      732.9 -1.432e-07 -1.595e-07 -6.223e-09  -5.94e-09 -1.559e-08 -5.738e-09 -3.946e-07       1656 -4.437e-08 -6.082e-08 -4.643e-09       1656       1656  4.398e-07       1656 -1.246e-10 -1.251e-10       1589      848.6      125.7     -207.6      -1328     -714.9 -4.639e+04       -520      -2155      -7962      -5457 -1.219e+04      -1208        120      421.6      -1016 -7.432e-09      -1016      -1032      626.5       2174       1342      -1547     -444.8      6.643      342.5       2216       3335       2313       1968  4.264e-09       1968     -663.4      938.8     -626.1      230.2     -700.3     -967.5     -873.2       -608
      -2223       1692       1833       1833      496.6      496.6  7.488e-09      496.6  1.141e-07  2.367e-07 -2.245e-09 -2.221e-09  1.427e-08 -2.245e-09  5.755e-08      595.6  -8.42e-09 -8.166e-09 -9.547e-10      595.6      595.6 -6.708e-08      595.6 -4.614e-09 -4.655e-09       1549      -1647      -1981     -301.2     -184.8     -440.7       -520 -3.165e+04      398.2     -513.8      -3942     -357.3      -1051     -152.6       1145     -899.3 -1.025e-08     -899.3     -135.1     -601.7       1278     -334.1       2095      -1235       1598      713.2       2355       2975      -5480       1962  5.507e-09       1962        602       1448     -932.4      483.1       -652      -1768      -6529      -4372
      -1966     -312.3       1520       1520     -179.6     -179.6 -4.878e-08     -179.6  -1.03e-06  1.136e-07 -3.696e-08  1.965e-07  1.828e-07 -3.981e-08 -7.459e-07      139.4 -7.465e-07  3.791e-08 -3.199e-08      139.4      139.4  3.953e-07      139.4 -4.867e-08  1.897e-08       1738       1322     -462.5       1055       1989       1087      -2155      398.2 -5.927e+04 -1.129e+04      -2347      -2351     -83.81     -527.2     -59.89      -2582  3.512e-07      -2582      284.2      -1860      852.6      -2468       1554      405.2      25.85     -405.3        -75 -1.079e+04      -9815      -6511 -6.688e-08      -6511       31.7       1696       1484       -293      -1610      -1571      -1769     -529.3
       2418       1901       3207       3207      590.9      590.9  1.036e-08      590.9 -2.105e-07 -1.521e-07  1.423e-10   1.45e-10  1.331e-08  1.343e-10 -2.544e-07       1417 -9.563e-08 -7.842e-08  1.557e-09       1417       1417  2.218e-07       1417 -8.974e-10 -9.042e-10       2621      963.6      406.8       1842      -2636      -4307      -7962     -513.8 -1.129e+04 -6.261e+04      -3016      -4410      947.2       1237       2714     -96.33 -1.999e-08     -96.33        400      -2051       2073      -3082      -2094      352.3     -510.8     -31.45       2604       2848      -3629       1971  1.089e-08       1971       1266      -3050      -1522      279.5      624.4      786.4     -494.4     -160.5
      409.3        983     -32.63     -32.63      -1077      -1077  3.259e-09      -1077 -1.358e-07 -2.167e-07  -2.31e-08  1.799e-07 -3.363e-08 -5.171e-08 -2.142e-07     -554.5 -1.041e-07 -1.003e-07 -4.814e-08     -554.5     -554.5  1.191e-07     -554.5 -2.323e-08  7.666e-08      114.2        946     -331.7      241.8      170.7      -1464      -5457      -3942      -2347      -3016 -3.688e+04      -2859      792.1     -11.19       1594      -1254 -2.125e-08      -1254      547.4      420.5      130.3     -906.1       1221      420.6       1039      594.5       2780       3814      775.3       2490  -3.84e-08       2490        493       -914      -1534      246.8     -780.6     -315.7     -948.1     -81.83
       2270      627.7     -248.7     -248.7      929.9      929.9  5.374e-09      929.9  1.901e-07 -1.701e-07 -4.643e-09 -4.591e-09 -1.399e-07 -4.426e-09 -1.842e-07      659.2 -5.966e-08 -8.114e-08 -3.339e-09      659.2      659.2  6.114e-07      659.2 -9.575e-09 -1.447e-08       1546       -183      327.6     -319.6      -1193     -995.6 -1.219e+04     -357.3      -2351      -4410      -2859 -2.711e+04      -2046      -1105     -449.7      -1433  -8.81e-09      -1433      -1955      188.8       1907      -1614     -592.8     -477.5      86.69      275.6       2756       3796     -100.2       2475 -5.786e-09       2475     -893.8      -1093       1299      93.95      702.2      74.08       2035       2067
     -62.02      443.5      864.4      864.4      419.4      419.4  9.549e-09      419.4  8.733e-08 -5.954e-08          0 -3.068e-17  2.916e-08 -6.162e-17  3.529e-08     -19.06  9.002e-08  6.597e-08  1.346e-09     -19.06     -19.06 -1.094e-08     -19.06  1.219e-10  1.225e-10     -892.6       -131      64.87     -60.72     -46.76      -2501      -1208      -1051     -83.81      947.2      792.1      -2046      -8069     -434.6      286.4      10.39  4.744e-10      10.39     -224.7     -126.8      152.8      907.7     -518.4      444.6      674.4        287       1922       2902       2424       1776  1.009e-08       1776      212.3      305.8     -471.8      206.4      493.2      564.4       1303      210.4
      186.8        381      22.36      22.36      351.8      351.8  3.571e-08      351.8  4.392e-08  1.235e-07  2.923e-08  2.763e-08  7.622e-08  2.978e-08  2.274e-08       -313 -8.779e-08 -4.363e-08  2.121e-08       -313       -313  8.109e-08       -313 -6.575e-08   2.82e-08      164.6     -249.1     -348.5      -1711      -1350     -656.3        120     -152.6     -527.2       1237     -11.19      -1105     -434.6      -5784      82.74      -1108 -1.318e-09      -1108      88.33      573.8      212.5      95.25      793.6      360.8      252.4        249       2154       1161       1291       1957  4.679e-08       1957     -686.2      447.4      222.9      308.4      19.98     -33.18      660.3     -106.3
      -4056      -9947      -1812      -1419      -1188     -517.1      297.1     -219.5     -332.1      -1069      961.5      608.8      821.8      639.6       9.98      7.782      -1098     -15.76      313.9      396.7      538.5      370.2     -177.8     -145.2     -196.7 -2.176e+04      896.3      928.3     -404.7       -200     -351.4      421.6       1145     -59.89       2714       1594     -449.7      286.4      82.74  -4.62e+04       1687       77.1       2024      11.62     -954.5      -5316      -1368     -415.5       4638      493.2       1991       2422       2905      522.7       4619       1882       5250      612.4       3446       3388        524      809.8       1171       2298       1576
     -433.6      976.9       1732       2143       3812       5056      606.4       5205     -24.06      219.9       48.6      69.81     -88.93      -3.01      189.3       1375     -146.7      431.7     -873.5       3360       3488     -148.7       2653     -396.9     -197.2     -669.3      981.2      267.3     -339.3     -152.1     -646.6      -1016     -899.3      -2582     -96.33      -1254      -1433      10.39      -1108       1687 -1.019e+05     -5.746 -9.313e+04 -2.936e+04       1658       1500       3046       2559       3941       1151       1437      -2880       8767  1.626e+04      -2926       1789      -1847       3714       2753       3209       1303      -1638      -1423      43.32      -2763
      218.1      78.84     -59.49     -59.49      839.2      591.7  3.181e-08      591.7      111.1  5.629e-09  4.409e-08  4.093e-08      111.1  5.131e-08      111.1      382.4 -1.054e-07  1.413e-07  2.385e-08      382.4      382.4 -8.704e-08      382.4 -6.061e-08  3.045e-08     -333.9      73.31      73.31  8.536e-09 -4.396e-07   2.55e-09 -7.432e-09 -1.025e-08  3.512e-07 -1.999e-08 -2.125e-08  -8.81e-09  4.744e-10 -1.318e-09       77.1     -5.746      -7976      -1578     -190.1      65.94     -509.1      540.7        382      -1102      182.7      422.8       1165       1184       1846      700.2  4.074e-08      700.2     -118.6      -2292     -231.6      233.9      110.8     -573.4      67.65      -3131
     -795.3      681.5       1598       2009       3678       4958      606.4       5107     -583.3      219.9       48.6      69.81     -648.1      -3.01     -369.9      975.1     -146.7      431.7     -873.5       2960       3088     -148.7       2253     -396.9     -197.2      38.94       1394      679.6     -339.3     -152.1     -646.6      -1016     -899.3      -2582     -96.33      -1254      -1433      10.39      -1108       2024 -9.313e+04      -1578 -1.023e+05 -2.818e+04      716.2      578.6       2425       1734       2754      -1544       1334      -1794       8623  1.638e+04       1142       1789       2221       3481       4480       3231       1322      -1589      -1019     -119.9      -3801
       1615       1639       1480       1591      -1472      235.3      25.45      357.4      370.6       1051      911.1     -315.5      324.5     -58.31     -398.9      -1161      103.6     -308.6      106.6       2374       2658      565.8       2714      -1160      44.73       -868       1767       2371     -598.2     -134.6      41.69      -1032     -135.1      284.2        400      547.4      -1955     -224.7      88.33      11.62 -2.936e+04     -190.1 -2.818e+04 -1.125e+05       1746       1342       1896       2241      629.2       3579       1274      -2434       5001   1.14e+04      -7505       2343      -1932       3495        598       3423       1664      131.4       2449     -996.8      -9498
      -5093      -5455      298.6      714.4     -729.8     -174.2     -150.3      -1029     -121.6      282.7      534.7      273.6      314.4      198.1      -1311     -464.5      507.2     -143.9     -104.6     -808.8     -118.3      684.4        460      174.9      -7.33      -1258       1402      722.6      705.8      670.4       -473      626.5     -601.7      -1860      -2051      420.5      188.8     -126.8      573.8     -954.5       1658      65.94      716.2       1746 -3.993e+04      -4556      -2777      -2169       1075      -1095      937.8       2041       2603       4065       5170       1847       6525       1852       3458       5171      632.6       2655       2961       2512       4200
 -6.543e+04 -2.117e+04      -3096      -2794     -526.1     -381.9     -418.7      -2751       1071      -1414       1016       1187      800.6       1130       1123     -98.93       1717      829.8     -52.02      -1326      332.7       1155       1024        928      -1543      -7544      620.6      599.9     -493.4      644.4     -776.9       2174       1278      852.6       2073      130.3       1907      152.8      212.5      -5316       1500     -509.1      578.6       1342      -4556 -1.417e+05 -2.441e+04 -1.261e+04       1626      371.3       1038       8007       8958       7528  1.014e+04       2805  1.155e+04      -3421       1301       2198        426       4956       4084       9305       5086
 -1.467e+04      -2719      -1226     -857.6       2639       3182     -194.7       2832      346.3        670      449.9      789.5      785.1      327.4      278.7      -1023      885.8      649.4      296.7      -2058      -1234     -372.8      -1365      39.35     -20.52      752.3       1091      959.6      514.7      -1025     -218.5       1342     -334.1      -2468      -3082     -906.1      -1614      907.7      95.25      -1368       3046      540.7       2425       1896      -2777 -2.441e+04 -1.753e+05 -3.701e+04     -778.6      -3408      -2123       5055       6646       1703       2649       1663       4186      -5972       5257       4803       1635       1221       2523       7108      -7440
      -7215      -2426       2375       2034       2089       2047     -599.6       1852     -166.2      821.5      601.6      467.9      324.6      158.9     -988.7       2011       1324      775.1      426.5      608.4       1735      145.1       1640      268.1      117.4      -1878       1611       1926      157.2     -634.7      379.7      -1547       2095       1554      -2094       1221     -592.8     -518.4      793.6     -415.5       2559        382       1734       2241      -2169 -1.261e+04 -3.701e+04 -8.511e+04      -2862      -4282      622.9      808.6       3461       2940      -6257       2016      -2486      -2622       4519       4747       1374       2087        531       2786      -4107
      58.61       3767       4876       4658       3435       3391     -426.7       2496      392.6       1065     -368.1       1006      361.9      815.1       1610       2074       1150      863.2        989      149.8       1344      984.8      341.2      390.7      552.4       1095       2045       1578     -620.1      236.8      -1375     -444.8      -1235      405.2      352.3      420.6     -477.5      444.6      360.8       4638       3941      -1102       2754      629.2       1075       1626     -778.6      -2862 -1.345e+05 -3.094e+04       2968      222.4  1.082e+04       1540       7082       1754       6704      107.1       1164     -22.93       1242       1551      745.3       5795     -420.3
      -1778       2648       4754       4321      -1535      -1776      755.8      -2551      286.8      860.9      -1528       1066     -324.8      669.1       1019       2910       1083      253.8     -148.1       1616       2296        918       2407      457.1      307.6       4844       1945       1528      -1588      457.8      47.24      6.643       1598      25.85     -510.8       1039      86.69      674.4      252.4      493.2       1151      182.7      -1544       3579      -1095      371.3      -3408      -4282 -3.094e+04 -1.343e+05       1553       6390       5529       6439       6288       1485       6665     -500.3       2359      604.1       1570       4192       1936       4284      -1982
       1022      644.2       2125       1734       1869       2287        219       2926      454.6      275.1      199.7     -315.5      603.6      396.9      883.7       1297        383      89.17        124       2065       2464     -141.8       1423      88.65      94.85      341.8       1605       1739     -54.12      315.1      564.9      342.5      713.2     -405.3     -31.45      594.5      275.6        287        249       1991       1437      422.8       1334       1274      937.8       1038      -2123      622.9       2968       1553 -2.051e+04      681.6      -2753      -2173      68.86      -1784     -476.1      835.7       1454       2157       1118       2369       1838       1291       1602
