
34

(((((((elephantulus_edwardii:0.0426653819,elephantulus_sp_vb001:0.0517677384):0.009597722059,((elephantulus_intufi:0.0126322240,elephantulus_rupestris:0.0359414967):0.004161451159,(elephantulus_brachyrhynchus:0.0126740949,elephantulus_rufescens:0.0091149656):0.03986250911):2.060719152e-06):0.0100379129,((petrosaltator_rozeti:0.0511886171,petrodromus_tetradactylus:0.0246508610):0.01091438709,((macroscelides_flavicaudatus:0.0226885197,macroscelides_proboscideus:0.0204094363):0.03866419647,macroscelides_micus:0.0698769885):0.01953634994):0.004046273606):0.04407737841,rhynchocyon_udzungwensis:0.0570056127)'B(0.2304,0.56)':0.0178071719,((echinops_telfairi:0.0978442240,(((((microgale_longicaudata:0.0129072855,microgale_majori:0.0122698421):0.02260919017,microgale_principula:0.0189696462):0.008987339806,microgale_pusilla:0.0235580649):0.02802573646,microgale_brevicaudata:0.0664482001):0.04247210971,oryzorictes:0.0751274792):0.008843116371):0.06818385007,((amblysomus_hottentotus:0.0255699948,eremitalpa_granti:0.0224395870):0.01781795283,chrysochloris_asiatica:0.0335652050)'B(0.036,0.339)':0.06468678535):0.01291176444):0.007163230465,orycteropus_afer:0.0885693836):0.00990176771,(((trichechus_manatus:0.0320535735,dugong_dugon:0.0320582731)'B(0.4103,0.6609)':0.03635989864,((loxodonta_cyclotis:0.0095922611,loxodonta_africana:0.0082144271):0.005231686094,(elephas_maximus_indicus:0.0016635727,elephas_maximus:0.0033055594):0.00373773545)'B(0.0533,0.2304)':0.1483511179):0.009413445607,(dendrohyrax_dorsalis:0.0366158860,procavia_capensis:0.0264158552)'B(0.0533,0.339)':0.08405538646)'ST(0.54984759810468,0.0276665815569308,1.24705752366666,14.65268284221)':0.01186931402,(ornithorhynchus_anatinus:0.0437326459,(zaglossus_bruijni:0.0095497125,tachyglossus_aculeatus:0.0136217205)'B(0.0258,1.332)':0.04303468091)'B(0.24459,1.332)':0.2315900214)'ST(0.652622276233061,0.0174693989396617,0.302262250107551,11.2736670081518)';

 0.00990177  0.00716323   0.0178072   0.0440774   0.0100379  0.00959772   0.0426654   0.0517677 2.06072e-06  0.00416145   0.0126322   0.0359415   0.0398625   0.0126741  0.00911497  0.00404627   0.0109144   0.0511886   0.0246509   0.0195363   0.0386642   0.0226885   0.0204094    0.069877   0.0570056   0.0129118   0.0681839   0.0978442  0.00884312   0.0424721   0.0280257  0.00898734   0.0226092   0.0129073   0.0122698   0.0189696   0.0235581   0.0664482   0.0751275   0.0646868    0.017818     0.02557   0.0224396   0.0335652   0.0885694   0.0118693  0.00941345   0.0363599   0.0320536   0.0320583    0.148351  0.00523169  0.00959226  0.00821443  0.00373774  0.00166357  0.00330556   0.0840554   0.0366159   0.0264159     0.23159   0.0437326   0.0430347  0.00954971   0.0136217

    0.146934  -0.00724438     -5.17746   -0.0273284   -0.0849706   -0.0616583 -0.000266447  -0.00503104     -261.142    0.0332174    0.0268002 -0.000246029  -0.00661889   0.00483134   9.9658e-05    -0.295019    0.0154774   -0.0055021    0.0240981   -0.0448711     0.124831    0.0131333   0.00131462  -0.00456868    -0.109653   -0.0842603   -0.0312056   0.00469741   -0.0135566   0.00477698   -0.0137334    0.0260429  -0.00861398   -0.0446001   -0.0295957   -0.0280207    -0.020705  -0.00283564  -0.00350056   -0.0713273     -2.17441   -0.0376754   -0.0199166     0.126872   0.00493908   -0.0346485     0.101513    -0.079479   0.00729259   -0.0475138   -0.0176343    -0.261602    -0.668336    -0.764721     0.548579    -0.209115    -0.387311   -0.0342044  -0.00113279   -0.0480055  -0.00161703   -0.0503069    -0.019862    -0.205566  2.89163e-05


Hessian 

     -177284     -24360.6     -3408.69     -3084.99     -408.638     -215.827       295.14     -2012.93      152.654     -643.618      641.527      686.966     -159.086      812.231       910.92     -2573.06      1028.58     -194.821      75.2554     -3724.86      -2090.9      850.175     -1471.74      624.821     -618.257     -8768.71     -93.2383     -1137.07      -1266.1      513.251     -324.557      2492.77     -2243.51     -1941.76      2466.82      388.212       2301.4     -64.6739      185.363     -3997.82     -435.269      214.874     -793.829      1625.55     -5068.88       -65523     -14768.7     -7203.09      112.289     -1759.22      1022.31      7002.18      5954.52        10266      9418.65       2112.5      10857.8     -338.744      4077.32      2215.86      1051.34      3602.98      3289.72      9298.87      5098.34
    -24360.6      -177020     -16756.2     -14534.7     -314.042     -311.867      263.782     -1096.04      578.856     -4947.03      925.825      940.036      954.912      395.821     -2242.13     -1110.75     -1118.82     -1659.45     -1049.38     -1577.19      22.1436      1074.69      1251.74      789.435     -901.923     -26403.7     -967.886     -30.3689     -1016.61      905.606      670.925     -1045.62      1695.51     -287.302      1931.33       991.21      642.569      458.248      370.384     -10013.5      1002.82      71.2191      709.193      1670.77     -5475.26     -21157.6     -2655.91     -2444.22      3792.89      2625.62      643.475     -3991.22      8264.67      9353.98      102.327      2442.73      6601.11      252.028      4180.44      567.378      255.389      4655.42      2823.71         7918      7802.83
    -3408.69     -16756.2       -46692     -45438.6     -2719.89     -3189.17      36.0923     -3219.41     -862.223      220.973      547.145      286.729      605.607      350.388     -3135.19     -1977.39      353.558     -162.103     -148.929     -1966.05     -1196.85       265.46     -897.298      529.012     -1047.78     -2764.51     -168.636      183.847      -1281.2      173.108       579.66      689.775       1836.3      1536.23       3227.2     -50.9118     -238.131      873.999      23.1941     -1797.86      1702.81     -69.4209      1572.37      1497.24      316.156     -3099.35     -1174.78      2400.21      4876.64      4771.15      2126.45      2651.64      2594.65      6439.89      3171.02      1896.87      5061.28      196.612      3496.87      3564.82      433.018      3810.13      2233.96      185.735      3453.31
    -3084.99     -14534.7     -45438.6     -45179.8     -2907.81     -3183.61      439.576     -2426.01     -916.599     -3353.03      676.557      661.395     -54.4751      208.077     -553.545     -758.324       442.43     -61.5314     -55.1404     -1483.52     -2070.08       883.73     -1056.72      514.574     -595.984     -3048.62      163.666      516.149      -1281.2      173.108       579.66      689.775       1836.3      1536.23       3227.2     -50.9118     -238.131      873.999      23.1941     -1415.93      2123.91     -69.4209      1993.48      1628.58      728.114     -2816.29     -838.332      2053.49      4684.24      4352.25      1737.07      5246.22      447.156      6470.84         4709      1852.92      4972.96      165.856      3162.48      4253.42      661.549       3546.5      2204.82      6.34631      2183.11
    -408.638     -314.042     -2719.89     -2907.81     -72188.6     -39879.3     -2205.02     -38212.2     -2221.44     -3647.29      69.6742     -276.178     -1921.79      1342.73      674.996     -11165.8     -2357.62      1115.77     -30.1727     -8855.15     -6713.51     -1100.87     -9116.81     -2303.19      440.038      1199.68     -1258.63     -435.687      438.739     -197.869     -130.238      742.638      492.046      -173.63      599.751      -1083.9      935.146      421.758       356.96     -1186.72      3794.84      828.599      3663.97     -1523.53     -727.948     -537.181      2658.47      2060.85      3439.47     -1539.66      1871.69      13581.1      7102.14      2757.39      12859.6      2976.77      12621.4     -1630.97      3910.58      1308.79      1074.53     -128.478     -10.0605      -549.44       5147.3
    -215.827     -311.867     -3189.17     -3183.61     -39879.3     -63762.5     -1397.43     -42185.2     -6285.33     -3387.48      499.255      -2187.5     -116.918     -2341.76     -814.771     -4066.23      890.388     -1999.09      989.419     -4404.32      -4708.3      453.949     -6704.63       1.2621      -363.66      2493.19     -421.217      401.731      438.739     -197.869     -130.238      742.638      492.046      -173.63      599.751      -1083.9      935.146      421.758       356.96     -515.481      5063.47      586.451      4970.01      211.228     -160.237     -365.951      3208.16      2044.16       3404.5     -1777.69      2292.56      13827.4      6526.41     -3011.08      12517.6       2627.9      11720.5      399.821     -1467.83      901.664      1051.82      3390.22      1720.86      938.695      5245.73
      295.14      263.782      36.0923      439.576     -2205.02     -1397.43     -9013.88      540.237     -994.105      389.895      -822.12     -800.278     -127.745      83.0154     -5933.94       502.05      -650.77      -67.367       78.932      429.288      445.095     -633.664      276.232      222.817     -487.672      152.039     -460.882     -460.882  1.93325e-13  7.46068e-14 -1.01575e-13  6.46962e-14   3.6051e-14  5.33773e-14  2.38133e-14 -4.66478e-14  3.76108e-14 -7.40469e-15  1.58513e-14      305.822      600.442   2.2418e-13      600.442      23.1741     -154.399      -419.41     -204.088      -621.22     -438.929      759.849      223.496      1951.74      2092.21     -3459.95      1993.06      2320.23     -4807.91     -716.867     -569.672     -710.023      126.437      839.246      1007.03     -1437.19      1329.54
    -2012.93     -1096.04     -3219.41     -2426.01     -38212.2     -42185.2      540.237     -47819.3     -856.856      431.576      664.317      572.275     -654.965     -1027.09      -1287.7      -5157.3     -1294.62     -394.062      1093.54     -5885.58     -5034.93     -295.598     -5660.21     -466.774     -394.129      2652.15     -629.833      193.115      438.739     -197.869     -130.238      742.638      492.046      -173.63      599.751      -1083.9      935.146      421.758       356.96     -219.821      5210.56      586.451       5117.1      326.543     -1022.39     -2750.88      2859.77      1853.81      2513.64     -2557.81      2934.09      12356.8      6408.49      83.9808       8985.1      2321.93      11781.5      1104.42      2396.48       1529.1      1299.24      3093.31      846.289     -134.519      3833.35
     152.654      578.856     -862.223     -916.599     -2221.44     -6285.33     -994.105     -856.856      -9645.6     -3917.25     -1061.93     -1665.44      -5171.6     -1569.39     -4547.74      -552.03      135.473      108.281      445.182      12.8142     -975.556     -1568.19     -1890.96     -306.052     -1084.53      41.3221      550.848      550.848  4.43215e-14  2.30441e-14  -2.1149e-13  3.09042e-13  2.78187e-14  4.05208e-13   2.8666e-13 -2.81203e-13  2.18705e-13  1.79402e-13  9.33607e-14      -324.02     -41.8942      104.564     -599.145      357.544     -138.022      1075.95      339.267     -183.025      388.701      287.694      450.547      2729.09      2775.19     -315.103      3153.64      1974.37      2442.63      191.556      545.256      682.569      397.603     -13.2757      844.391      251.374      621.345
    -643.618     -4947.03      220.973     -3353.03     -3647.29     -3387.48      389.895      431.576     -3917.25     -50052.2     -2406.72     -802.475     -1494.88     -173.124      1125.17     -556.949     -394.575       677.69     -95.4259     -73.5241     -5227.47      501.429     -505.466      59.5281     -920.953     -6759.92     -35.1961     -35.1961  2.44951e-13  1.29951e-13 -8.44751e-14  1.01796e-13  4.01918e-14  6.45662e-14  1.81561e-14 -9.21608e-14  2.01589e-14 -1.90729e-14 -7.62415e-15     -1033.51      227.181  8.31761e-14      227.181      1049.48        281.5     -1385.18       676.06      815.113      1068.72      869.055      281.267      1908.02      1817.78     -1646.45      2035.06      2522.01      2461.85      403.423       1401.3      204.238      383.984      520.919      704.026      30.2631      1581.01
     641.527      925.825      547.145      676.557      69.6742      499.255      -822.12      664.317     -1061.93     -2406.72     -29994.1      273.925      439.358      1078.97       1325.5      174.517     -3952.75      790.721     -2563.19     -1737.73     -948.344      982.974      1385.39       354.32     -733.202      639.886      502.833      502.833  -1.2591e-14  -1.6093e-13 -3.81658e-13 -1.63181e-13 -1.23589e-13 -9.24777e-14 -1.34924e-13 -2.18002e-13 -1.31927e-13 -1.59483e-13 -1.52875e-13      967.054       56.479 -9.59027e-14       56.479      914.477      533.846       1029.1      444.604       596.77     -359.167     -1532.66      205.413      1522.64      1225.85     -7474.85      1697.78      2275.66       2226.3     -956.963     -1423.67      -2805.3      294.178      398.668      572.014     -5914.34     -710.187
     686.966      940.036      286.729      661.395     -276.178      -2187.5     -800.278      572.275     -1665.44     -802.475      273.925     -10593.1     -45.0095     -621.269      1384.95     -5859.85      89.7391     -701.609     -946.872     -1321.37     -178.634     -303.642     -1497.65     -327.277      180.838       633.03      715.891      715.891  2.52751e-13  1.46678e-13 -2.43645e-14  1.10762e-13  1.04558e-13  1.12143e-13  7.00013e-14  7.75869e-15  9.03605e-14  5.86079e-14  9.02184e-14      618.982      64.4246  2.35732e-13      64.4246      -316.88      270.541      1181.27      783.139      448.456      993.159      1063.99     -316.715      -7.2815      1582.73     -4369.34     -2681.87      2291.36      2181.94     -619.188      1886.07      233.835      436.957      535.189      103.274     -1712.43      1336.12
    -159.086      954.912      605.607     -54.4751     -1921.79     -116.918     -127.745     -654.965      -5171.6     -1494.88      439.358     -45.0095     -13539.3      77.6376     -4395.12      771.729      800.341     -1111.14      181.966      543.015     -274.157     -2694.18        -1162      540.013      -812.09      61.0025      156.624      156.624  7.27038e-14  7.96239e-15 -1.41097e-13  6.29486e-14  5.68872e-14  8.20597e-14  3.50893e-14 -5.09498e-14  4.85291e-14    1.719e-14  3.84174e-14      824.185     -95.1327      104.564     -652.384      323.401      306.593      786.751      774.154      321.211      363.458     -321.644       599.43      3416.14      3249.99      2554.28      3806.84      2286.89      3002.95      806.748      194.334         87.8      163.171     -1145.77     -14.7951      1042.82      444.365
     812.231      395.821      350.388      208.077      1342.73     -2341.76      83.0154     -1027.09     -1569.39     -173.124      1078.97     -621.269      77.6376     -27608.4     -4284.01     -3431.01     -5632.95     -632.121     -1411.88      1474.15     -449.671      -739.66     -1630.99     -227.063     -240.465      146.173      131.244      131.244  1.12168e-13  4.91993e-14 -8.31231e-14  8.52234e-14   7.4063e-14  8.69153e-14  4.47955e-14 -1.57771e-14  6.26149e-14  3.66947e-14  6.11752e-14      641.258      -9.6434  2.17321e-13      -9.6434     -52.1803      198.812      1135.76        321.3      150.308      810.804      669.437       397.15       1787.6      1487.07      1059.99      2018.98      2074.62      2184.04      542.779       94.089     -1867.96      144.935     -493.546       336.95     -5643.88     -420.207
      910.92     -2242.13     -3135.19     -553.545      674.996     -814.771     -5933.94      -1287.7     -4547.74      1125.17       1325.5      1384.95     -4395.12     -4284.01     -41975.9     -620.712     -1602.64     -2692.63     -1240.58      1412.19     -1585.92     -505.282      1171.13      754.481      -1129.3     -462.872     -568.404     -568.404  3.65666e-13  2.16751e-13  1.69327e-14  1.26371e-13  7.56219e-14  8.51605e-14  4.29788e-14 -1.91581e-14  6.00947e-14  3.36127e-14  5.75507e-14       17.375      178.215      104.564     -379.036     -409.902     -1325.52      1137.81      261.933     -1011.38      1607.84      1020.28      885.273      3053.33      3499.09      2978.23      3787.32      673.165       2743.6      559.077     -231.716     -3125.06     -410.465     -375.271      407.539      700.169      382.629
    -2573.06     -1110.75     -1977.39     -758.324     -11165.8     -4066.23       502.05      -5157.3      -552.03     -556.949      174.517     -5859.85      771.729     -3431.01     -620.712     -75044.8      -7756.5      74.3616     -4418.41     -38575.3     -37291.6     -1311.56     -37186.2     -931.235     -371.832      764.797      343.209      413.221      512.377     -29.8015     -285.261      1670.23      592.969      141.856      1427.17     -551.288      667.126     -16.2639     -310.969      9.41043      1358.13        381.6      958.021     -1185.48     -453.603     -169.235     -1039.88      2001.83       2071.5      2905.03      1304.86      4413.41      8057.34     -1519.12      7182.74      2739.43      9236.81     -529.074      5405.73      3012.24      1821.46      1096.89      1889.83      4105.88      8699.01
     1028.58     -1118.82      353.558       442.43     -2357.62      890.388      -650.77     -1294.62      135.473     -394.575     -3952.75      89.7391      800.341     -5632.95     -1602.64      -7756.5     -19110.7      -944.77     -2469.17      151.821     -1810.74     -75.0788     -898.903     -281.733     -979.554      41.5745      78.5483      78.5483  5.87487e-15 -6.98608e-14 -2.58344e-13 -3.05704e-14   7.3775e-15  4.23869e-14  -2.1636e-14 -1.33112e-13 -1.65376e-14 -3.54689e-14 -2.21657e-14     -1108.13     -157.988  1.26342e-13     -157.988       96.255      499.149      1712.39      877.771       1318.6      1140.09      1084.58      387.008      1484.24      2295.28     -6212.37      1911.45      2285.91      2245.77      -466.09       1214.9     -810.978      410.572     -1816.59      200.092     -1558.21      723.255
    -194.821     -1659.45     -162.103     -61.5314      1115.77     -1999.09      -67.367     -394.062      108.281       677.69      790.721     -701.609     -1111.14     -632.121     -2692.63      74.3616      -944.77        -5993     -337.096       831.56      63.1379      253.727      522.167     -84.6611     -227.776      207.539      368.431      368.431 -9.99034e-15 -3.77022e-14 -1.41089e-13  3.43431e-14  4.19578e-14  6.27651e-14  7.20736e-15 -5.76947e-14  2.44867e-14  1.67232e-14  3.54553e-14     -20.6426      424.096  1.26372e-13      424.096      -313.11     -145.974      829.734       641.07      761.515       862.63      248.469      88.7708      1121.94      2075.32     -1419.93      1650.22     -6.39102     -3997.17      210.356     -574.258      168.715     -78.1342      -68.786      424.796        548.5      903.351
     75.2554     -1049.38     -148.929     -55.1404     -30.1727      989.419       78.932      1093.54      445.182     -95.4259     -2563.19     -946.872      181.966     -1411.88     -1240.58     -4418.41     -2469.17     -337.096     -12166.1     -2541.19     -1363.41     -132.175      315.942      -264.13     -875.873      176.919       122.59       122.59  1.12356e-13 -1.06182e-14 -2.05224e-13 -3.72809e-14 -2.71419e-14 -9.18718e-16 -5.88317e-14 -1.36746e-13 -4.85729e-14 -5.80539e-14 -4.53691e-14      322.176     -862.867  5.29242e-14     -862.867      94.0453      -96.646     -67.6504       297.91      424.583      992.461     -139.567      128.214     -1988.04      1665.33       80.071      233.101      2498.17      2404.56     -372.683     -619.127     -160.632      213.337      169.231      645.789     -4960.49       -171.6
    -3724.86     -1577.19     -1966.05     -1483.52     -8855.15     -4404.32      429.288     -5885.58      12.8142     -73.5241     -1737.73     -1321.37      543.015      1474.15      1412.19     -38575.3      151.821       831.56     -2541.19     -47702.3     -38467.3      41.1854     -35185.5     -1054.75      619.081      1542.06      469.413      539.425      512.377     -29.8015     -285.261      1670.23      592.969      141.856      1427.17     -551.288      667.126     -16.2639     -310.969      410.009      3378.42        381.6      2978.31      2374.85     -783.078     -1387.13     -2071.23      608.666      154.372      1621.18      2074.98      4664.65      7024.41     -1791.28      5722.87     -7555.76      8497.38      242.889      4271.92      4429.14      1355.37     -310.041     -531.408      1258.07       7768.4
     -2090.9      22.1436     -1196.85     -2070.08     -6713.51      -4708.3      445.095     -5034.93     -975.556     -5227.47     -948.344     -178.634     -274.157     -449.671     -1585.92     -37291.6     -1810.74      63.1379     -1363.41     -38467.3     -42778.9      390.535       -35771     -299.473      122.547      770.338       967.42      1037.43      512.377     -29.8015     -285.261      1670.23      592.969      141.856      1427.17     -551.288      667.126     -16.2639     -310.969       554.59      3497.63        381.6      3097.52      2667.55     -101.162      274.201     -1234.43      1752.88      1362.41       2297.7       2478.8      8093.19      7617.21      -2788.6      8479.86     -7753.54      8266.37      1579.57       4270.8      2986.14      1509.43      378.838      738.399      4173.08      8346.02
     850.175      1074.69       265.46       883.73     -1100.87      453.949     -633.664     -295.598     -1568.19      501.429      982.974     -303.642     -2694.18      -739.66     -505.282     -1311.56     -75.0788      253.727     -132.175      41.1854      390.535     -14737.6     -3404.03      143.045     -464.276       565.51      331.256      331.256  2.76824e-13  1.63229e-13 -5.67225e-14  9.47598e-14  5.50439e-14  1.62279e-13  7.98895e-14 -1.51666e-13  8.79623e-14  3.22078e-14   6.8456e-14      383.918     -152.899  2.02893e-13     -152.899      563.466      690.326      1140.85     -391.168      125.637       982.19      917.718     -142.572      867.965     -1005.99      1089.31     -86.6994      2001.31      2326.23      47.4203      1293.09        535.7      64.2118     -593.693     -84.5968      859.193      937.841
    -1471.74      1251.74     -897.298     -1056.72     -9116.81     -6704.63      276.232     -5660.21     -1890.96     -505.466      1385.39     -1497.65        -1162     -1630.99      1171.13     -37186.2     -898.903      522.167      315.942     -35185.5       -35771     -3404.03     -53933.8     -540.401      746.441      285.754      1178.95      1248.96      512.377     -29.8015     -285.261      1670.23      592.969      141.856      1427.17     -551.288      667.126     -16.2639     -310.969     -176.616      2658.75        381.6      2258.64       2728.3       487.36      975.161     -1373.19      1658.81      354.326      2405.04      1431.99      6591.12      6620.28      -2896.3      3331.95      2390.06      8669.62       2024.8      5718.49      4547.22      1505.62      1195.49      404.016      4420.22      8212.27
     624.821      789.435      529.012      514.574     -2303.19       1.2621      222.817     -466.774     -306.052      59.5281       354.32     -327.277      540.013     -227.063      754.481     -931.235     -281.733     -84.6611      -264.13     -1054.75     -299.473      143.045     -540.401     -3877.08     -242.478      172.387      210.006      210.006  2.04835e-13  9.61341e-14  -7.1072e-14  5.73941e-14  2.76783e-14   7.3701e-14  1.06425e-14 -9.52981e-14  2.84846e-14  8.12687e-15  3.01196e-14     -148.356     -399.599  1.73053e-13     -399.599     -1163.29      176.189      930.341      34.8618      274.191      396.477      455.707      86.9957     -1826.99     -582.986     -414.006     -4317.34      175.951      1511.39      148.186      436.838      167.713      50.3351      127.217      9.81835      313.162      726.416
    -618.257     -901.923     -1047.78     -595.984      440.038      -363.66     -487.672     -394.129     -1084.53     -920.953     -733.202      180.838      -812.09     -240.465      -1129.3     -371.832     -979.554     -227.776     -875.873      619.081      122.547     -464.276      746.441     -242.478     -4545.71     -329.994     -262.954     -262.954 -2.58171e-14 -5.12449e-14 -1.71859e-13 -6.41167e-14 -3.60746e-15 -6.96912e-14  -7.7679e-14 -5.51408e-14  -9.9396e-14 -4.02317e-14 -1.04938e-14     -193.921     -194.851   1.1627e-13     -194.851      48.5853      -8.9563     -1574.73     -22.9049      117.803      558.781      297.459       94.936     -1332.45      1224.35     -309.687     -1089.87      218.219      1776.67      403.518      851.455      49.1271      80.5335      604.686      725.966      607.242      740.059
    -8768.71     -26403.7     -2764.51     -3048.62      1199.68      2493.19      152.039      2652.15      41.3221     -6759.92      639.886       633.03      61.0025      146.173     -462.872      764.797      41.5745      207.539      176.919      1542.06      770.338       565.51      285.754      172.387     -329.994      -107101     -4849.49     -3340.12     -19.1977       714.26     -103.484      1598.08      1556.62       1752.3      2636.73      150.869      1568.07         -892      163.494     -21831.5     -642.261     -335.971      64.0759     -812.499     -1233.79     -7551.38      849.306     -1866.29      1093.53      4851.68      330.333      6395.68      4363.25       4579.1      7040.38      1690.07       7102.9      534.124      5690.61      5716.92      300.049      2335.74      971.853      7399.45      6544.93
    -93.2383     -967.886     -168.636      163.666     -1258.63     -421.217     -460.882     -629.833      550.848     -35.1961      502.833      715.891      156.624      131.244     -568.404      343.209      78.5483      368.431       122.59      469.413       967.42      331.256      1178.95      210.006     -262.954     -4849.49     -18655.6     -13631.7     -1598.46     -296.468      123.085      848.943     -1658.51      1327.18      962.936      956.722      -182.72     -133.229     -248.313      923.103      989.813      73.6105      1400.79      1783.98      1418.98      631.895       1097.3      1624.65      2065.73      1953.86      1615.47      2708.22      4914.73       4889.7      5596.94     -2330.11      6837.89      675.587      2334.76      2916.07      489.332      1711.59      1589.15      3920.09      2419.94
    -1137.07     -30.3689      183.847      516.149     -435.687      401.731     -460.882      193.115      550.848     -35.1961      502.833      715.891      156.624      131.244     -568.404      413.221      78.5483      368.431       122.59      539.425      1037.43      331.256      1248.96      210.006     -262.954     -3340.12     -13631.7     -17938.6     -2104.09     -234.283      -346.54      108.065     -1995.53     -463.879      413.954     -338.318      336.479      67.3845     -353.536      947.865      272.931      73.6105      683.906       2398.5      727.325      595.911      962.396      1940.02      1595.82      1528.17      1748.11      2330.22       6202.4      3147.73      5902.03     -2330.11      7142.98        952.4      2291.86      1988.19       450.62      787.059      1047.43      3617.29      2762.53
     -1266.1     -1016.61      -1281.2      -1281.2      438.739      438.739  1.93325e-13      438.739  4.43215e-14  2.44951e-13  -1.2591e-14  2.52751e-13  7.27038e-14  1.12168e-13  3.65666e-13      512.377  5.87487e-15 -9.99034e-15  1.12356e-13      512.377      512.377  2.76824e-13      512.377  2.04835e-13 -2.58171e-14     -19.1977     -1598.46     -2104.09     -13042.2     -1927.34     -844.268      -218.15     -278.525      1048.63      1850.33      258.768      -311.51      -55.565     -1728.83     -404.855     -353.487  2.04945e-13     -353.487     -595.957      722.594     -522.178      509.866      161.027     -580.311     -1594.79     -51.6925      2041.22      2733.25      2596.77      2153.63  -7.5753e-13      2153.63      312.385      1400.14      928.689       253.71      -616.18     -126.536      1552.56      1583.48
     513.251      905.606      173.108      173.108     -197.869     -197.869  7.46068e-14     -197.869  2.30441e-14  1.29951e-13  -1.6093e-13  1.46678e-13  7.96239e-15  4.91993e-14  2.16751e-13     -29.8015 -6.98608e-14 -3.77022e-14 -1.06182e-14     -29.8015     -29.8015  1.63229e-13     -29.8015  9.61341e-14 -5.12449e-14       714.26     -296.468     -234.283     -1927.34     -8415.79     -942.197     -1339.33     -169.326       2005.3     -2644.52       179.96     -1201.96     -50.2824     -1354.99     -192.665     -141.151  1.66638e-13     -141.151     -134.772      685.288      643.044     -1041.37     -632.338       241.99      461.227      315.676      2030.37     -252.713      1669.16      1991.15 -5.36023e-13      1991.15      136.778      1910.85       1891.3      99.9994      206.176      355.757     -465.428        948.9
    -324.557      670.925       579.66       579.66     -130.238     -130.238 -1.01575e-13     -130.238  -2.1149e-13 -8.44751e-14 -3.81658e-13 -2.43645e-14 -1.41097e-13 -8.31231e-14  1.69327e-14     -285.261 -2.58344e-13 -1.41089e-13 -2.05224e-13     -285.261     -285.261 -5.67225e-14     -285.261  -7.1072e-14 -1.71859e-13     -103.484      123.085      -346.54     -844.268     -942.197     -15278.5     -695.083     -443.396      1112.86     -4278.33     -1457.92     -985.737     -2497.93     -664.247     -341.935     -663.667  1.19877e-13     -663.667      37.4094      -466.72      -812.49     -221.383       375.34     -1368.84      32.4963       557.68     -1404.69      2750.73       1058.3     -168.359 -5.71165e-13     -168.359      79.7165     -331.084     -607.551       70.167      100.183      233.165      1470.29      1274.61
     2492.77     -1045.62      689.775      689.775      742.638      742.638  6.46962e-14      742.638  3.09042e-13  1.01796e-13 -1.63181e-13  1.10762e-13  6.29486e-14  8.52234e-14  1.26371e-13      1670.23 -3.05704e-14  3.43431e-14 -3.72809e-14      1670.23      1670.23  9.47598e-14      1670.23  5.73941e-14 -6.41167e-14      1598.08      848.943      108.065      -218.15     -1339.33     -695.083     -46522.9     -516.047     -2159.93      -7908.9     -5454.95     -12172.2     -1199.25      124.006      430.232     -1051.07   5.5807e-14     -1051.07     -1021.63      624.801      2186.46      1362.33     -1517.36     -434.191      19.9254      342.162      2244.61      3356.39      2326.64      1989.57 -1.43959e-13      1989.57     -673.152      949.666     -636.985      239.102     -711.073     -963.144     -868.641     -607.543
    -2243.51      1695.51       1836.3       1836.3      492.046      492.046   3.6051e-14      492.046  2.78187e-14  4.01918e-14 -1.23589e-13  1.04558e-13  5.68872e-14   7.4063e-14  7.56219e-14      592.969   7.3775e-15  4.19578e-14 -2.71419e-14      592.969      592.969  5.50439e-14      592.969  2.76783e-14 -3.60746e-15      1556.62     -1658.51     -1995.53     -278.525     -169.326     -443.396     -516.047     -32231.2      418.482     -502.715     -3954.96      -353.88     -1057.27     -156.998      1152.19     -892.299  1.79616e-13     -892.299     -143.623     -603.477      1271.02     -323.612      2099.54      -1246.4      1605.28      717.543      2381.14         2990     -5471.34      1979.26 -1.29224e-13      1979.26      599.346      1448.92     -936.699      484.586     -648.961        -1775     -6541.55     -4385.49
    -1941.76     -287.302      1536.23      1536.23      -173.63      -173.63  5.33773e-14      -173.63  4.05208e-13  6.45662e-14 -9.24777e-14  1.12143e-13  8.20597e-14  8.69153e-14  8.51605e-14      141.856  4.23869e-14  6.27651e-14 -9.18718e-16      141.856      141.856  1.62279e-13      141.856   7.3701e-14 -6.96912e-14       1752.3      1327.18     -463.879      1048.63       2005.3      1112.86     -2159.93      418.482     -60519.3     -11232.3     -2342.42     -2332.06     -85.1049     -526.881     -51.9089     -2595.09   1.4908e-13     -2595.09      288.108     -1869.04      867.498     -2442.35      1565.75      393.488      45.9515     -406.006     -29.1088     -10817.5     -9801.04      -6532.8  2.76743e-14      -6532.8        32.21       1710.3      1484.78      -298.41     -1612.91     -1593.12     -1774.82     -569.945
     2466.82      1931.33       3227.2       3227.2      599.751      599.751  2.38133e-14      599.751   2.8666e-13  1.81561e-14 -1.34924e-13  7.00013e-14  3.50893e-14  4.47955e-14  4.29788e-14      1427.17  -2.1636e-14  7.20736e-15 -5.88317e-14      1427.17      1427.17  7.98895e-14      1427.17  1.06425e-14  -7.7679e-14      2636.73      962.936      413.954      1850.33     -2644.52     -4278.33      -7908.9     -502.715     -11232.3     -63095.6     -3012.16     -4426.72      958.863       1236.1      2736.08     -83.5795   4.0466e-14     -83.5795      405.898     -2065.73      2093.45     -3093.18     -2089.63      358.947     -495.723     -34.1074      2623.06      2853.05     -3624.09      1980.81   1.1247e-13      1980.81      1270.67     -3058.45     -1532.05      281.693       631.83      785.486       -503.3     -159.109
     388.212       991.21     -50.9118     -50.9118      -1083.9      -1083.9 -4.66478e-14      -1083.9 -2.81203e-13 -9.21608e-14 -2.18002e-13  7.75869e-15 -5.09498e-14 -1.57771e-14 -1.91581e-14     -551.288 -1.33112e-13 -5.76947e-14 -1.36746e-13     -551.288     -551.288 -1.51666e-13     -551.288 -9.52981e-14 -5.51408e-14      150.869      956.722     -338.318      258.768       179.96     -1457.92     -5454.95     -3954.96     -2342.42     -3012.16     -37562.8     -2853.59      780.916     -15.4622      1617.25     -1266.95  2.12639e-13     -1266.95      559.791      438.764      83.8881     -918.123      1239.62      443.872      1025.71      590.096       2794.7       3818.9      764.668      2495.64 -7.70105e-14      2495.64      477.589     -916.952     -1513.98      252.283     -785.432       -313.8     -928.212     -96.9499
      2301.4      642.569     -238.131     -238.131      935.146      935.146  3.76108e-14      935.146  2.18705e-13  2.01589e-14 -1.31927e-13  9.03605e-14  4.85291e-14  6.26149e-14  6.00947e-14      667.126 -1.65376e-14  2.44867e-14 -4.85729e-14      667.126      667.126  8.79623e-14      667.126  2.84846e-14  -9.9396e-14      1568.07      -182.72      336.479      -311.51     -1201.96     -985.737     -12172.2      -353.88     -2332.06     -4426.72     -2853.59       -27755     -2051.22      -1109.8     -444.989     -1415.81 -3.92378e-14     -1415.81     -1938.83      189.438      1918.19     -1614.64     -574.115      -488.76      97.9032       271.68      2773.69       3803.6     -89.9416       2482.6 -5.05927e-15       2482.6     -902.254     -1106.88      1301.21      93.7496      719.461      91.3215      2045.91      2072.47
    -64.6739      458.248      873.999      873.999      421.758      421.758 -7.40469e-15      421.758  1.79402e-13 -1.90729e-14 -1.59483e-13  5.86079e-14    1.719e-14  3.66947e-14  3.36127e-14     -16.2639 -3.54689e-14  1.67232e-14 -5.80539e-14     -16.2639     -16.2639  3.22078e-14     -16.2639  8.12687e-15 -4.02317e-14         -892     -133.229      67.3845      -55.565     -50.2824     -2497.93     -1199.25     -1057.27     -85.1049      958.863      780.916     -2051.22     -7972.01     -445.807      296.436      15.8369  7.25455e-14      15.8369     -207.389     -129.334      150.745      910.035     -516.062      439.338      679.007      290.079      1946.63      2917.98      2434.25      1792.67 -4.30028e-14      1792.67       212.63      306.916     -474.842      207.506      494.892      572.795      1310.05      202.967
     185.363      370.384      23.1941      23.1941       356.96       356.96  1.58513e-14       356.96  9.33607e-14 -7.62415e-15 -1.52875e-13  9.02184e-14  3.84174e-14  6.11752e-14  5.75507e-14     -310.969 -2.21657e-14  3.54553e-14 -4.53691e-14     -310.969     -310.969   6.8456e-14     -310.969  3.01196e-14 -1.04938e-14      163.494     -248.313     -353.536     -1728.83     -1354.99     -664.247      124.006     -156.998     -526.881       1236.1     -15.4622      -1109.8     -445.807     -5645.16      84.3797     -1117.75  1.48297e-13     -1117.75      90.0232      574.334      210.348      100.808      800.766      362.503      253.505      248.964      2170.31      1171.87      1290.88       1965.6  8.86712e-14       1965.6     -689.432      446.276      226.581      311.078       12.671     -32.4823      656.061     -106.617
    -3997.82     -10013.5     -1797.86     -1415.93     -1186.72     -515.481      305.822     -219.821      -324.02     -1033.51      967.054      618.982      824.185      641.258       17.375      9.41043     -1108.13     -20.6426      322.176      410.009       554.59      383.918     -176.616     -148.356     -193.921     -21831.5      923.103      947.865     -404.855     -192.665     -341.935      430.232      1152.19     -51.9089      2736.08      1617.25     -444.989      296.436      84.3797     -44748.6      1713.76      74.5106      2045.66      24.8382     -939.466     -5288.61     -1335.95     -394.151      4684.39      470.138      1991.35      2382.47      2885.32       496.29      4593.69      1883.72      5263.98      621.282      3444.23      3419.37      529.024      798.768      1161.04      2281.83      1559.06
    -435.269      1002.82      1702.81      2123.91      3794.84      5063.47      600.442      5210.56     -41.8942      227.181       56.479      64.4246     -95.1327      -9.6434      178.215      1358.13     -157.988      424.096     -862.867      3378.42      3497.63     -152.899      2658.75     -399.599     -194.851     -642.261      989.813      272.931     -353.487     -141.151     -663.667     -1051.07     -892.299     -2595.09     -83.5795     -1266.95     -1415.81      15.8369     -1117.75      1713.76      -105017      3.36383     -93500.1     -29404.3      1661.64      1473.66      3056.21      2550.42      3936.95      1138.39      1443.32     -2874.27      8753.03      16339.8     -2862.25       1780.2     -1791.05      3719.42      2763.85       3183.2      1316.94     -1661.24     -1447.08      83.9103     -2738.89
     214.874      71.2191     -69.4209     -69.4209      828.599      586.451   2.2418e-13      586.451      104.564  8.31761e-14 -9.59027e-14  2.35732e-13      104.564  2.17321e-13      104.564        381.6  1.26342e-13  1.26372e-13  5.29242e-14        381.6        381.6  2.02893e-13        381.6  1.73053e-13   1.1627e-13     -335.971      73.6105      73.6105  2.04945e-13  1.66638e-13  1.19877e-13   5.5807e-14  1.79616e-13   1.4908e-13   4.0466e-14  2.12639e-13 -3.92378e-14  7.25455e-14  1.48297e-13      74.5106      3.36383     -8884.67     -1590.61     -179.855      64.2619     -524.539      528.969      373.396     -1112.96      175.868      424.634      1172.85       1183.4      1848.43      706.485  5.45839e-13      706.485     -121.491      -2301.8     -230.439      237.771      109.811      -577.19      75.7371     -3153.72
    -793.829      709.193      1572.37      1993.48      3663.97      4970.01      600.442       5117.1     -599.145      227.181       56.479      64.4246     -652.384      -9.6434     -379.036      958.021     -157.988      424.096     -862.867      2978.31      3097.52     -152.899      2258.64     -399.599     -194.851      64.0759      1400.79      683.906     -353.487     -141.151     -663.667     -1051.07     -892.299     -2595.09     -83.5795     -1266.95     -1415.81      15.8369     -1117.75      2045.66     -93500.1     -1590.61      -105402     -28218.6      717.949      548.273      2434.22      1734.08      2754.88     -1561.71      1337.63     -1785.03      8614.88      16460.2      1189.92       1780.2      2261.11       3490.6      4494.89      3209.55      1339.05     -1609.52     -1039.61     -72.3536     -3769.81
